0x1c955945289002e905b0afd05f32feed310d8f4858ba6ea1a6fafc45cf1528bd,1575961604343,1575961600
0x1c955945289002e905b0afd05f32feed310d8f4858ba6ea1a6fafc45cf1528bd,1575961604344,1575961600
0x1c955945289002e905b0afd05f32feed310d8f4858ba6ea1a6fafc45cf1528bd,1575961604344,1575961600
0x1c955945289002e905b0afd05f32feed310d8f4858ba6ea1a6fafc45cf1528bd,1575961604345,1575961600
0x1c955945289002e905b0afd05f32feed310d8f4858ba6ea1a6fafc45cf1528bd,1575961604345,1575961600
0x1c955945289002e905b0afd05f32feed310d8f4858ba6ea1a6fafc45cf1528bd,1575961604346,1575961600
0x1c955945289002e905b0afd05f32feed310d8f4858ba6ea1a6fafc45cf1528bd,1575961604346,1575961600
0x1c955945289002e905b0afd05f32feed310d8f4858ba6ea1a6fafc45cf1528bd,1575961604346,1575961600
0x1c955945289002e905b0afd05f32feed310d8f4858ba6ea1a6fafc45cf1528bd,1575961604346,1575961600
0x1c955945289002e905b0afd05f32feed310d8f4858ba6ea1a6fafc45cf1528bd,1575961604347,1575961600
0x1c955945289002e905b0afd05f32feed310d8f4858ba6ea1a6fafc45cf1528bd,1575961604347,1575961600
0x1c955945289002e905b0afd05f32feed310d8f4858ba6ea1a6fafc45cf1528bd,1575961604348,1575961600
0x1c955945289002e905b0afd05f32feed310d8f4858ba6ea1a6fafc45cf1528bd,1575961604348,1575961600
0x1c955945289002e905b0afd05f32feed310d8f4858ba6ea1a6fafc45cf1528bd,1575961604348,1575961600
0x1c955945289002e905b0afd05f32feed310d8f4858ba6ea1a6fafc45cf1528bd,1575961604349,1575961600
0x1c955945289002e905b0afd05f32feed310d8f4858ba6ea1a6fafc45cf1528bd,1575961604349,1575961600
0x1c955945289002e905b0afd05f32feed310d8f4858ba6ea1a6fafc45cf1528bd,1575961604349,1575961600
0x1c955945289002e905b0afd05f32feed310d8f4858ba6ea1a6fafc45cf1528bd,1575961604350,1575961600
0x1c955945289002e905b0afd05f32feed310d8f4858ba6ea1a6fafc45cf1528bd,1575961604350,1575961600
0x1c955945289002e905b0afd05f32feed310d8f4858ba6ea1a6fafc45cf1528bd,1575961604350,1575961600
0x1c955945289002e905b0afd05f32feed310d8f4858ba6ea1a6fafc45cf1528bd,1575961604350,1575961600
0x1c955945289002e905b0afd05f32feed310d8f4858ba6ea1a6fafc45cf1528bd,1575961604351,1575961600
0x1c955945289002e905b0afd05f32feed310d8f4858ba6ea1a6fafc45cf1528bd,1575961604351,1575961600
0x1c955945289002e905b0afd05f32feed310d8f4858ba6ea1a6fafc45cf1528bd,1575961604351,1575961600
0x1c955945289002e905b0afd05f32feed310d8f4858ba6ea1a6fafc45cf1528bd,1575961604351,1575961600
0x1c955945289002e905b0afd05f32feed310d8f4858ba6ea1a6fafc45cf1528bd,1575961604352,1575961600
0x1c955945289002e905b0afd05f32feed310d8f4858ba6ea1a6fafc45cf1528bd,1575961604352,1575961600
0x1c955945289002e905b0afd05f32feed310d8f4858ba6ea1a6fafc45cf1528bd,1575961604352,1575961600
0x1c955945289002e905b0afd05f32feed310d8f4858ba6ea1a6fafc45cf1528bd,1575961604352,1575961600
0x1c955945289002e905b0afd05f32feed310d8f4858ba6ea1a6fafc45cf1528bd,1575961604353,1575961600
0x1c955945289002e905b0afd05f32feed310d8f4858ba6ea1a6fafc45cf1528bd,1575961604354,1575961600
0x1c955945289002e905b0afd05f32feed310d8f4858ba6ea1a6fafc45cf1528bd,1575961604355,1575961600
0x1c955945289002e905b0afd05f32feed310d8f4858ba6ea1a6fafc45cf1528bd,1575961604355,1575961600
0x1c955945289002e905b0afd05f32feed310d8f4858ba6ea1a6fafc45cf1528bd,1575961604356,1575961600
0x1c955945289002e905b0afd05f32feed310d8f4858ba6ea1a6fafc45cf1528bd,1575961604356,1575961600
0x1c955945289002e905b0afd05f32feed310d8f4858ba6ea1a6fafc45cf1528bd,1575961604356,1575961600
0x1c955945289002e905b0afd05f32feed310d8f4858ba6ea1a6fafc45cf1528bd,1575961604357,1575961600
0x1c955945289002e905b0afd05f32feed310d8f4858ba6ea1a6fafc45cf1528bd,1575961604357,1575961600
0x1c955945289002e905b0afd05f32feed310d8f4858ba6ea1a6fafc45cf1528bd,1575961604357,1575961600
0x1c955945289002e905b0afd05f32feed310d8f4858ba6ea1a6fafc45cf1528bd,1575961604358,1575961600
0x1c955945289002e905b0afd05f32feed310d8f4858ba6ea1a6fafc45cf1528bd,1575961604358,1575961600
0x1c955945289002e905b0afd05f32feed310d8f4858ba6ea1a6fafc45cf1528bd,1575961604358,1575961600
0x1c955945289002e905b0afd05f32feed310d8f4858ba6ea1a6fafc45cf1528bd,1575961604358,1575961600
0x1c955945289002e905b0afd05f32feed310d8f4858ba6ea1a6fafc45cf1528bd,1575961604359,1575961600
0x1c955945289002e905b0afd05f32feed310d8f4858ba6ea1a6fafc45cf1528bd,1575961604360,1575961600
0x1c955945289002e905b0afd05f32feed310d8f4858ba6ea1a6fafc45cf1528bd,1575961604360,1575961600
0x1c955945289002e905b0afd05f32feed310d8f4858ba6ea1a6fafc45cf1528bd,1575961604360,1575961600
0x1c955945289002e905b0afd05f32feed310d8f4858ba6ea1a6fafc45cf1528bd,1575961604360,1575961600
0x1c955945289002e905b0afd05f32feed310d8f4858ba6ea1a6fafc45cf1528bd,1575961604361,1575961600
0x1c955945289002e905b0afd05f32feed310d8f4858ba6ea1a6fafc45cf1528bd,1575961604361,1575961600
0x1c955945289002e905b0afd05f32feed310d8f4858ba6ea1a6fafc45cf1528bd,1575961604361,1575961600
0x1c955945289002e905b0afd05f32feed310d8f4858ba6ea1a6fafc45cf1528bd,1575961604361,1575961600
0x1c955945289002e905b0afd05f32feed310d8f4858ba6ea1a6fafc45cf1528bd,1575961604362,1575961600
0x1c955945289002e905b0afd05f32feed310d8f4858ba6ea1a6fafc45cf1528bd,1575961604362,1575961600
0x1c955945289002e905b0afd05f32feed310d8f4858ba6ea1a6fafc45cf1528bd,1575961604362,1575961600
0x1c955945289002e905b0afd05f32feed310d8f4858ba6ea1a6fafc45cf1528bd,1575961604363,1575961600
0x1c955945289002e905b0afd05f32feed310d8f4858ba6ea1a6fafc45cf1528bd,1575961604363,1575961600
0x1c955945289002e905b0afd05f32feed310d8f4858ba6ea1a6fafc45cf1528bd,1575961604363,1575961600
0x1c955945289002e905b0afd05f32feed310d8f4858ba6ea1a6fafc45cf1528bd,1575961604364,1575961600
0x1c955945289002e905b0afd05f32feed310d8f4858ba6ea1a6fafc45cf1528bd,1575961604370,1575961600
0x1c955945289002e905b0afd05f32feed310d8f4858ba6ea1a6fafc45cf1528bd,1575961604372,1575961600
0x1c955945289002e905b0afd05f32feed310d8f4858ba6ea1a6fafc45cf1528bd,1575961604372,1575961600
0x1c955945289002e905b0afd05f32feed310d8f4858ba6ea1a6fafc45cf1528bd,1575961604372,1575961600
0x1c955945289002e905b0afd05f32feed310d8f4858ba6ea1a6fafc45cf1528bd,1575961604373,1575961600
0x1c955945289002e905b0afd05f32feed310d8f4858ba6ea1a6fafc45cf1528bd,1575961604373,1575961600
0x1c955945289002e905b0afd05f32feed310d8f4858ba6ea1a6fafc45cf1528bd,1575961604373,1575961600
0x1c955945289002e905b0afd05f32feed310d8f4858ba6ea1a6fafc45cf1528bd,1575961604374,1575961600
0x1c955945289002e905b0afd05f32feed310d8f4858ba6ea1a6fafc45cf1528bd,1575961604374,1575961600
0x1c955945289002e905b0afd05f32feed310d8f4858ba6ea1a6fafc45cf1528bd,1575961604375,1575961600
0x1c955945289002e905b0afd05f32feed310d8f4858ba6ea1a6fafc45cf1528bd,1575961604375,1575961600
0x1c955945289002e905b0afd05f32feed310d8f4858ba6ea1a6fafc45cf1528bd,1575961604375,1575961600
0x1c955945289002e905b0afd05f32feed310d8f4858ba6ea1a6fafc45cf1528bd,1575961604376,1575961600
0x1c955945289002e905b0afd05f32feed310d8f4858ba6ea1a6fafc45cf1528bd,1575961604376,1575961600
0x1c955945289002e905b0afd05f32feed310d8f4858ba6ea1a6fafc45cf1528bd,1575961604376,1575961600
0x1c955945289002e905b0afd05f32feed310d8f4858ba6ea1a6fafc45cf1528bd,1575961604376,1575961600
0x1c955945289002e905b0afd05f32feed310d8f4858ba6ea1a6fafc45cf1528bd,1575961604377,1575961600
0x1c955945289002e905b0afd05f32feed310d8f4858ba6ea1a6fafc45cf1528bd,1575961604378,1575961600
0x1c955945289002e905b0afd05f32feed310d8f4858ba6ea1a6fafc45cf1528bd,1575961604378,1575961600
0x1c955945289002e905b0afd05f32feed310d8f4858ba6ea1a6fafc45cf1528bd,1575961604378,1575961600
0x1c955945289002e905b0afd05f32feed310d8f4858ba6ea1a6fafc45cf1528bd,1575961604379,1575961600
0x1c955945289002e905b0afd05f32feed310d8f4858ba6ea1a6fafc45cf1528bd,1575961604379,1575961600
0x1c955945289002e905b0afd05f32feed310d8f4858ba6ea1a6fafc45cf1528bd,1575961604379,1575961600
0x1c955945289002e905b0afd05f32feed310d8f4858ba6ea1a6fafc45cf1528bd,1575961604380,1575961600
0x1c955945289002e905b0afd05f32feed310d8f4858ba6ea1a6fafc45cf1528bd,1575961604380,1575961600
0x1c955945289002e905b0afd05f32feed310d8f4858ba6ea1a6fafc45cf1528bd,1575961604380,1575961600
0x1c955945289002e905b0afd05f32feed310d8f4858ba6ea1a6fafc45cf1528bd,1575961604381,1575961600
0x1c955945289002e905b0afd05f32feed310d8f4858ba6ea1a6fafc45cf1528bd,1575961604381,1575961600
0x1c955945289002e905b0afd05f32feed310d8f4858ba6ea1a6fafc45cf1528bd,1575961604381,1575961600
0x1c955945289002e905b0afd05f32feed310d8f4858ba6ea1a6fafc45cf1528bd,1575961604382,1575961600
0x1c955945289002e905b0afd05f32feed310d8f4858ba6ea1a6fafc45cf1528bd,1575961604382,1575961600
0x1c955945289002e905b0afd05f32feed310d8f4858ba6ea1a6fafc45cf1528bd,1575961604383,1575961600
0x1c955945289002e905b0afd05f32feed310d8f4858ba6ea1a6fafc45cf1528bd,1575961604383,1575961600
0x1c955945289002e905b0afd05f32feed310d8f4858ba6ea1a6fafc45cf1528bd,1575961604384,1575961600
0x1c955945289002e905b0afd05f32feed310d8f4858ba6ea1a6fafc45cf1528bd,1575961604384,1575961600
0x1c955945289002e905b0afd05f32feed310d8f4858ba6ea1a6fafc45cf1528bd,1575961604384,1575961600
0x1c955945289002e905b0afd05f32feed310d8f4858ba6ea1a6fafc45cf1528bd,1575961604385,1575961600
0x1c955945289002e905b0afd05f32feed310d8f4858ba6ea1a6fafc45cf1528bd,1575961604385,1575961600
0x1c955945289002e905b0afd05f32feed310d8f4858ba6ea1a6fafc45cf1528bd,1575961604385,1575961600
0x1c955945289002e905b0afd05f32feed310d8f4858ba6ea1a6fafc45cf1528bd,1575961604385,1575961600
0x1c955945289002e905b0afd05f32feed310d8f4858ba6ea1a6fafc45cf1528bd,1575961604386,1575961600
0x1c955945289002e905b0afd05f32feed310d8f4858ba6ea1a6fafc45cf1528bd,1575961604386,1575961600
0x1c955945289002e905b0afd05f32feed310d8f4858ba6ea1a6fafc45cf1528bd,1575961604387,1575961600
0x1c955945289002e905b0afd05f32feed310d8f4858ba6ea1a6fafc45cf1528bd,1575961604387,1575961600
0x1c955945289002e905b0afd05f32feed310d8f4858ba6ea1a6fafc45cf1528bd,1575961604387,1575961600
0x1c955945289002e905b0afd05f32feed310d8f4858ba6ea1a6fafc45cf1528bd,1575961604388,1575961600
0x1c955945289002e905b0afd05f32feed310d8f4858ba6ea1a6fafc45cf1528bd,1575961604388,1575961600
0x1c955945289002e905b0afd05f32feed310d8f4858ba6ea1a6fafc45cf1528bd,1575961604389,1575961600
0x1c955945289002e905b0afd05f32feed310d8f4858ba6ea1a6fafc45cf1528bd,1575961604389,1575961600
0x1c955945289002e905b0afd05f32feed310d8f4858ba6ea1a6fafc45cf1528bd,1575961604389,1575961600
0x1c955945289002e905b0afd05f32feed310d8f4858ba6ea1a6fafc45cf1528bd,1575961604390,1575961600
0x1c955945289002e905b0afd05f32feed310d8f4858ba6ea1a6fafc45cf1528bd,1575961604390,1575961600
0x1c955945289002e905b0afd05f32feed310d8f4858ba6ea1a6fafc45cf1528bd,1575961604390,1575961600
0x1c955945289002e905b0afd05f32feed310d8f4858ba6ea1a6fafc45cf1528bd,1575961604391,1575961600
0x1c955945289002e905b0afd05f32feed310d8f4858ba6ea1a6fafc45cf1528bd,1575961604391,1575961600
0x1c955945289002e905b0afd05f32feed310d8f4858ba6ea1a6fafc45cf1528bd,1575961604391,1575961600
0x1c955945289002e905b0afd05f32feed310d8f4858ba6ea1a6fafc45cf1528bd,1575961604392,1575961600
0x1c955945289002e905b0afd05f32feed310d8f4858ba6ea1a6fafc45cf1528bd,1575961604392,1575961600
0x1c955945289002e905b0afd05f32feed310d8f4858ba6ea1a6fafc45cf1528bd,1575961604392,1575961600
0x1c955945289002e905b0afd05f32feed310d8f4858ba6ea1a6fafc45cf1528bd,1575961604392,1575961600
0x1c955945289002e905b0afd05f32feed310d8f4858ba6ea1a6fafc45cf1528bd,1575961604393,1575961600
0x1c955945289002e905b0afd05f32feed310d8f4858ba6ea1a6fafc45cf1528bd,1575961604394,1575961600
0x1c955945289002e905b0afd05f32feed310d8f4858ba6ea1a6fafc45cf1528bd,1575961604394,1575961600
0x1c955945289002e905b0afd05f32feed310d8f4858ba6ea1a6fafc45cf1528bd,1575961604394,1575961600
0x1c955945289002e905b0afd05f32feed310d8f4858ba6ea1a6fafc45cf1528bd,1575961604395,1575961600
0x1c955945289002e905b0afd05f32feed310d8f4858ba6ea1a6fafc45cf1528bd,1575961604395,1575961600
0x1c955945289002e905b0afd05f32feed310d8f4858ba6ea1a6fafc45cf1528bd,1575961604395,1575961600
0x1c955945289002e905b0afd05f32feed310d8f4858ba6ea1a6fafc45cf1528bd,1575961604396,1575961600
0x1c955945289002e905b0afd05f32feed310d8f4858ba6ea1a6fafc45cf1528bd,1575961604396,1575961600
0x1c955945289002e905b0afd05f32feed310d8f4858ba6ea1a6fafc45cf1528bd,1575961604396,1575961600
0x1c955945289002e905b0afd05f32feed310d8f4858ba6ea1a6fafc45cf1528bd,1575961604397,1575961600
0x1c955945289002e905b0afd05f32feed310d8f4858ba6ea1a6fafc45cf1528bd,1575961604397,1575961600
0x1c955945289002e905b0afd05f32feed310d8f4858ba6ea1a6fafc45cf1528bd,1575961604397,1575961600
0x1c955945289002e905b0afd05f32feed310d8f4858ba6ea1a6fafc45cf1528bd,1575961604398,1575961600
0x1c955945289002e905b0afd05f32feed310d8f4858ba6ea1a6fafc45cf1528bd,1575961604398,1575961600
0x1c955945289002e905b0afd05f32feed310d8f4858ba6ea1a6fafc45cf1528bd,1575961604398,1575961600
0x1c955945289002e905b0afd05f32feed310d8f4858ba6ea1a6fafc45cf1528bd,1575961604399,1575961600
0x1c955945289002e905b0afd05f32feed310d8f4858ba6ea1a6fafc45cf1528bd,1575961604399,1575961600
0x1c955945289002e905b0afd05f32feed310d8f4858ba6ea1a6fafc45cf1528bd,1575961604400,1575961600
0x1c955945289002e905b0afd05f32feed310d8f4858ba6ea1a6fafc45cf1528bd,1575961604400,1575961600
0x1c955945289002e905b0afd05f32feed310d8f4858ba6ea1a6fafc45cf1528bd,1575961604400,1575961600
0x1c955945289002e905b0afd05f32feed310d8f4858ba6ea1a6fafc45cf1528bd,1575961604401,1575961600
0x1c955945289002e905b0afd05f32feed310d8f4858ba6ea1a6fafc45cf1528bd,1575961604401,1575961600
0x1c955945289002e905b0afd05f32feed310d8f4858ba6ea1a6fafc45cf1528bd,1575961604401,1575961600
0x1c955945289002e905b0afd05f32feed310d8f4858ba6ea1a6fafc45cf1528bd,1575961604402,1575961600
0x1c955945289002e905b0afd05f32feed310d8f4858ba6ea1a6fafc45cf1528bd,1575961604402,1575961600
0x1c955945289002e905b0afd05f32feed310d8f4858ba6ea1a6fafc45cf1528bd,1575961604403,1575961600
0x1c955945289002e905b0afd05f32feed310d8f4858ba6ea1a6fafc45cf1528bd,1575961604403,1575961600
0x1c955945289002e905b0afd05f32feed310d8f4858ba6ea1a6fafc45cf1528bd,1575961604404,1575961600
0x1c955945289002e905b0afd05f32feed310d8f4858ba6ea1a6fafc45cf1528bd,1575961604404,1575961600
0x1c955945289002e905b0afd05f32feed310d8f4858ba6ea1a6fafc45cf1528bd,1575961604404,1575961600
0x1c955945289002e905b0afd05f32feed310d8f4858ba6ea1a6fafc45cf1528bd,1575961604405,1575961600
0x1c955945289002e905b0afd05f32feed310d8f4858ba6ea1a6fafc45cf1528bd,1575961604405,1575961600
0x1c955945289002e905b0afd05f32feed310d8f4858ba6ea1a6fafc45cf1528bd,1575961604406,1575961600
0x1c955945289002e905b0afd05f32feed310d8f4858ba6ea1a6fafc45cf1528bd,1575961604406,1575961600
0x1c955945289002e905b0afd05f32feed310d8f4858ba6ea1a6fafc45cf1528bd,1575961604406,1575961600
0x1c955945289002e905b0afd05f32feed310d8f4858ba6ea1a6fafc45cf1528bd,1575961604407,1575961600
0x1c955945289002e905b0afd05f32feed310d8f4858ba6ea1a6fafc45cf1528bd,1575961604407,1575961600
0x1c955945289002e905b0afd05f32feed310d8f4858ba6ea1a6fafc45cf1528bd,1575961604407,1575961600
0x1c955945289002e905b0afd05f32feed310d8f4858ba6ea1a6fafc45cf1528bd,1575961604408,1575961600
0x1c955945289002e905b0afd05f32feed310d8f4858ba6ea1a6fafc45cf1528bd,1575961604408,1575961600
0x1c955945289002e905b0afd05f32feed310d8f4858ba6ea1a6fafc45cf1528bd,1575961604408,1575961600
0x1c955945289002e905b0afd05f32feed310d8f4858ba6ea1a6fafc45cf1528bd,1575961604409,1575961600
0x1c955945289002e905b0afd05f32feed310d8f4858ba6ea1a6fafc45cf1528bd,1575961604409,1575961600
0x1c955945289002e905b0afd05f32feed310d8f4858ba6ea1a6fafc45cf1528bd,1575961604409,1575961600
0x1c955945289002e905b0afd05f32feed310d8f4858ba6ea1a6fafc45cf1528bd,1575961604410,1575961600
0x1c955945289002e905b0afd05f32feed310d8f4858ba6ea1a6fafc45cf1528bd,1575961604410,1575961600
0x1c955945289002e905b0afd05f32feed310d8f4858ba6ea1a6fafc45cf1528bd,1575961604411,1575961600
0x1c955945289002e905b0afd05f32feed310d8f4858ba6ea1a6fafc45cf1528bd,1575961604411,1575961600
0x1c955945289002e905b0afd05f32feed310d8f4858ba6ea1a6fafc45cf1528bd,1575961604411,1575961600
0x1c955945289002e905b0afd05f32feed310d8f4858ba6ea1a6fafc45cf1528bd,1575961604412,1575961600
0x1c955945289002e905b0afd05f32feed310d8f4858ba6ea1a6fafc45cf1528bd,1575961604412,1575961600
0x1c955945289002e905b0afd05f32feed310d8f4858ba6ea1a6fafc45cf1528bd,1575961604412,1575961600
0x1c955945289002e905b0afd05f32feed310d8f4858ba6ea1a6fafc45cf1528bd,1575961604413,1575961600
0x1c955945289002e905b0afd05f32feed310d8f4858ba6ea1a6fafc45cf1528bd,1575961604413,1575961600
0x1c955945289002e905b0afd05f32feed310d8f4858ba6ea1a6fafc45cf1528bd,1575961604413,1575961600
0x1c955945289002e905b0afd05f32feed310d8f4858ba6ea1a6fafc45cf1528bd,1575961604414,1575961600
0x1c955945289002e905b0afd05f32feed310d8f4858ba6ea1a6fafc45cf1528bd,1575961607527,1575961604
0x1c955945289002e905b0afd05f32feed310d8f4858ba6ea1a6fafc45cf1528bd,1575961607527,1575961604
0x1c955945289002e905b0afd05f32feed310d8f4858ba6ea1a6fafc45cf1528bd,1575961607527,1575961604
0x1c955945289002e905b0afd05f32feed310d8f4858ba6ea1a6fafc45cf1528bd,1575961607528,1575961604
0x1c955945289002e905b0afd05f32feed310d8f4858ba6ea1a6fafc45cf1528bd,1575961607528,1575961604
0x1c955945289002e905b0afd05f32feed310d8f4858ba6ea1a6fafc45cf1528bd,1575961607529,1575961604
0x1c955945289002e905b0afd05f32feed310d8f4858ba6ea1a6fafc45cf1528bd,1575961607529,1575961604
0x1c955945289002e905b0afd05f32feed310d8f4858ba6ea1a6fafc45cf1528bd,1575961607531,1575961604
0x1c955945289002e905b0afd05f32feed310d8f4858ba6ea1a6fafc45cf1528bd,1575961607531,1575961604
0x1c955945289002e905b0afd05f32feed310d8f4858ba6ea1a6fafc45cf1528bd,1575961607532,1575961604
0x1c955945289002e905b0afd05f32feed310d8f4858ba6ea1a6fafc45cf1528bd,1575961607532,1575961604
0x1c955945289002e905b0afd05f32feed310d8f4858ba6ea1a6fafc45cf1528bd,1575961607533,1575961604
0x1c955945289002e905b0afd05f32feed310d8f4858ba6ea1a6fafc45cf1528bd,1575961607533,1575961604
0x1c955945289002e905b0afd05f32feed310d8f4858ba6ea1a6fafc45cf1528bd,1575961607533,1575961604
0x1c955945289002e905b0afd05f32feed310d8f4858ba6ea1a6fafc45cf1528bd,1575961607533,1575961604
0x1c955945289002e905b0afd05f32feed310d8f4858ba6ea1a6fafc45cf1528bd,1575961607534,1575961604
0x1c955945289002e905b0afd05f32feed310d8f4858ba6ea1a6fafc45cf1528bd,1575961607534,1575961604
0x1c955945289002e905b0afd05f32feed310d8f4858ba6ea1a6fafc45cf1528bd,1575961607534,1575961604
0x1c955945289002e905b0afd05f32feed310d8f4858ba6ea1a6fafc45cf1528bd,1575961607534,1575961604
0x1c955945289002e905b0afd05f32feed310d8f4858ba6ea1a6fafc45cf1528bd,1575961607535,1575961604
0x1c955945289002e905b0afd05f32feed310d8f4858ba6ea1a6fafc45cf1528bd,1575961607535,1575961604
0x1c955945289002e905b0afd05f32feed310d8f4858ba6ea1a6fafc45cf1528bd,1575961607535,1575961604
0x1c955945289002e905b0afd05f32feed310d8f4858ba6ea1a6fafc45cf1528bd,1575961607536,1575961604
0x1c955945289002e905b0afd05f32feed310d8f4858ba6ea1a6fafc45cf1528bd,1575961607536,1575961604
0x1c955945289002e905b0afd05f32feed310d8f4858ba6ea1a6fafc45cf1528bd,1575961607536,1575961604
0x1c955945289002e905b0afd05f32feed310d8f4858ba6ea1a6fafc45cf1528bd,1575961607536,1575961604
0x1c955945289002e905b0afd05f32feed310d8f4858ba6ea1a6fafc45cf1528bd,1575961607536,1575961604
0x1c955945289002e905b0afd05f32feed310d8f4858ba6ea1a6fafc45cf1528bd,1575961607537,1575961604
0x1c955945289002e905b0afd05f32feed310d8f4858ba6ea1a6fafc45cf1528bd,1575961607537,1575961604
0x1c955945289002e905b0afd05f32feed310d8f4858ba6ea1a6fafc45cf1528bd,1575961607537,1575961604
0x1c955945289002e905b0afd05f32feed310d8f4858ba6ea1a6fafc45cf1528bd,1575961607537,1575961604
0x1c955945289002e905b0afd05f32feed310d8f4858ba6ea1a6fafc45cf1528bd,1575961607538,1575961604
0x1c955945289002e905b0afd05f32feed310d8f4858ba6ea1a6fafc45cf1528bd,1575961607538,1575961604
0x1c955945289002e905b0afd05f32feed310d8f4858ba6ea1a6fafc45cf1528bd,1575961607538,1575961604
0x1c955945289002e905b0afd05f32feed310d8f4858ba6ea1a6fafc45cf1528bd,1575961607539,1575961604
0x1c955945289002e905b0afd05f32feed310d8f4858ba6ea1a6fafc45cf1528bd,1575961607539,1575961604
0x1c955945289002e905b0afd05f32feed310d8f4858ba6ea1a6fafc45cf1528bd,1575961607540,1575961604
0x1c955945289002e905b0afd05f32feed310d8f4858ba6ea1a6fafc45cf1528bd,1575961607540,1575961604
0x1c955945289002e905b0afd05f32feed310d8f4858ba6ea1a6fafc45cf1528bd,1575961607541,1575961604
0x1c955945289002e905b0afd05f32feed310d8f4858ba6ea1a6fafc45cf1528bd,1575961607541,1575961604
0x1c955945289002e905b0afd05f32feed310d8f4858ba6ea1a6fafc45cf1528bd,1575961607541,1575961604
0x1c955945289002e905b0afd05f32feed310d8f4858ba6ea1a6fafc45cf1528bd,1575961607541,1575961604
0x1c955945289002e905b0afd05f32feed310d8f4858ba6ea1a6fafc45cf1528bd,1575961607542,1575961604
0x1c955945289002e905b0afd05f32feed310d8f4858ba6ea1a6fafc45cf1528bd,1575961607542,1575961604
0x1c955945289002e905b0afd05f32feed310d8f4858ba6ea1a6fafc45cf1528bd,1575961607542,1575961604
0x1c955945289002e905b0afd05f32feed310d8f4858ba6ea1a6fafc45cf1528bd,1575961607542,1575961604
0x1c955945289002e905b0afd05f32feed310d8f4858ba6ea1a6fafc45cf1528bd,1575961607542,1575961604
0x1c955945289002e905b0afd05f32feed310d8f4858ba6ea1a6fafc45cf1528bd,1575961607543,1575961604
0x1c955945289002e905b0afd05f32feed310d8f4858ba6ea1a6fafc45cf1528bd,1575961607543,1575961604
0x1c955945289002e905b0afd05f32feed310d8f4858ba6ea1a6fafc45cf1528bd,1575961607543,1575961604
0x1c955945289002e905b0afd05f32feed310d8f4858ba6ea1a6fafc45cf1528bd,1575961607543,1575961604
0x1c955945289002e905b0afd05f32feed310d8f4858ba6ea1a6fafc45cf1528bd,1575961607544,1575961604
0x1c955945289002e905b0afd05f32feed310d8f4858ba6ea1a6fafc45cf1528bd,1575961607544,1575961604
0x1c955945289002e905b0afd05f32feed310d8f4858ba6ea1a6fafc45cf1528bd,1575961607544,1575961604
0x1c955945289002e905b0afd05f32feed310d8f4858ba6ea1a6fafc45cf1528bd,1575961607545,1575961604
0x1c955945289002e905b0afd05f32feed310d8f4858ba6ea1a6fafc45cf1528bd,1575961607545,1575961604
0x1c955945289002e905b0afd05f32feed310d8f4858ba6ea1a6fafc45cf1528bd,1575961607545,1575961604
0x1c955945289002e905b0afd05f32feed310d8f4858ba6ea1a6fafc45cf1528bd,1575961607545,1575961604
0x1c955945289002e905b0afd05f32feed310d8f4858ba6ea1a6fafc45cf1528bd,1575961607546,1575961604
0x1c955945289002e905b0afd05f32feed310d8f4858ba6ea1a6fafc45cf1528bd,1575961607546,1575961604
0x1c955945289002e905b0afd05f32feed310d8f4858ba6ea1a6fafc45cf1528bd,1575961607546,1575961604
0x1c955945289002e905b0afd05f32feed310d8f4858ba6ea1a6fafc45cf1528bd,1575961607546,1575961604
0x1c955945289002e905b0afd05f32feed310d8f4858ba6ea1a6fafc45cf1528bd,1575961607546,1575961604
0x1c955945289002e905b0afd05f32feed310d8f4858ba6ea1a6fafc45cf1528bd,1575961607547,1575961604
0x1c955945289002e905b0afd05f32feed310d8f4858ba6ea1a6fafc45cf1528bd,1575961607547,1575961604
0x1c955945289002e905b0afd05f32feed310d8f4858ba6ea1a6fafc45cf1528bd,1575961607547,1575961604
0x1c955945289002e905b0afd05f32feed310d8f4858ba6ea1a6fafc45cf1528bd,1575961607547,1575961604
0x1c955945289002e905b0afd05f32feed310d8f4858ba6ea1a6fafc45cf1528bd,1575961607548,1575961604
0x1c955945289002e905b0afd05f32feed310d8f4858ba6ea1a6fafc45cf1528bd,1575961607548,1575961604
0x1c955945289002e905b0afd05f32feed310d8f4858ba6ea1a6fafc45cf1528bd,1575961607549,1575961604
0x1c955945289002e905b0afd05f32feed310d8f4858ba6ea1a6fafc45cf1528bd,1575961607549,1575961604
0x1c955945289002e905b0afd05f32feed310d8f4858ba6ea1a6fafc45cf1528bd,1575961607549,1575961604
0x1c955945289002e905b0afd05f32feed310d8f4858ba6ea1a6fafc45cf1528bd,1575961607549,1575961604
0x1c955945289002e905b0afd05f32feed310d8f4858ba6ea1a6fafc45cf1528bd,1575961607550,1575961604
0x1c955945289002e905b0afd05f32feed310d8f4858ba6ea1a6fafc45cf1528bd,1575961607550,1575961604
0x1c955945289002e905b0afd05f32feed310d8f4858ba6ea1a6fafc45cf1528bd,1575961607550,1575961604
0x1c955945289002e905b0afd05f32feed310d8f4858ba6ea1a6fafc45cf1528bd,1575961607550,1575961604
0x1c955945289002e905b0afd05f32feed310d8f4858ba6ea1a6fafc45cf1528bd,1575961607551,1575961604
0x1c955945289002e905b0afd05f32feed310d8f4858ba6ea1a6fafc45cf1528bd,1575961607551,1575961604
0x1c955945289002e905b0afd05f32feed310d8f4858ba6ea1a6fafc45cf1528bd,1575961607551,1575961604
0x1c955945289002e905b0afd05f32feed310d8f4858ba6ea1a6fafc45cf1528bd,1575961607552,1575961604
0x1c955945289002e905b0afd05f32feed310d8f4858ba6ea1a6fafc45cf1528bd,1575961607552,1575961604
0x1c955945289002e905b0afd05f32feed310d8f4858ba6ea1a6fafc45cf1528bd,1575961607552,1575961604
0x1c955945289002e905b0afd05f32feed310d8f4858ba6ea1a6fafc45cf1528bd,1575961607553,1575961604
0x1c955945289002e905b0afd05f32feed310d8f4858ba6ea1a6fafc45cf1528bd,1575961607553,1575961604
0x1c955945289002e905b0afd05f32feed310d8f4858ba6ea1a6fafc45cf1528bd,1575961607553,1575961604
0x1c955945289002e905b0afd05f32feed310d8f4858ba6ea1a6fafc45cf1528bd,1575961607554,1575961604
0x1c955945289002e905b0afd05f32feed310d8f4858ba6ea1a6fafc45cf1528bd,1575961607554,1575961604
0x1c955945289002e905b0afd05f32feed310d8f4858ba6ea1a6fafc45cf1528bd,1575961607554,1575961604
0x1c955945289002e905b0afd05f32feed310d8f4858ba6ea1a6fafc45cf1528bd,1575961607555,1575961604
0x1c955945289002e905b0afd05f32feed310d8f4858ba6ea1a6fafc45cf1528bd,1575961607555,1575961604
0x1c955945289002e905b0afd05f32feed310d8f4858ba6ea1a6fafc45cf1528bd,1575961607555,1575961604
0x1c955945289002e905b0afd05f32feed310d8f4858ba6ea1a6fafc45cf1528bd,1575961607555,1575961604
0x1c955945289002e905b0afd05f32feed310d8f4858ba6ea1a6fafc45cf1528bd,1575961607556,1575961604
0x1c955945289002e905b0afd05f32feed310d8f4858ba6ea1a6fafc45cf1528bd,1575961607556,1575961604
0x1c955945289002e905b0afd05f32feed310d8f4858ba6ea1a6fafc45cf1528bd,1575961607556,1575961604
0x1c955945289002e905b0afd05f32feed310d8f4858ba6ea1a6fafc45cf1528bd,1575961607556,1575961604
0x1c955945289002e905b0afd05f32feed310d8f4858ba6ea1a6fafc45cf1528bd,1575961607557,1575961604
0x1c955945289002e905b0afd05f32feed310d8f4858ba6ea1a6fafc45cf1528bd,1575961607557,1575961604
0x1c955945289002e905b0afd05f32feed310d8f4858ba6ea1a6fafc45cf1528bd,1575961607557,1575961604
0x1c955945289002e905b0afd05f32feed310d8f4858ba6ea1a6fafc45cf1528bd,1575961607558,1575961604
0x1c955945289002e905b0afd05f32feed310d8f4858ba6ea1a6fafc45cf1528bd,1575961607558,1575961604
0x1c955945289002e905b0afd05f32feed310d8f4858ba6ea1a6fafc45cf1528bd,1575961607558,1575961604
0x1c955945289002e905b0afd05f32feed310d8f4858ba6ea1a6fafc45cf1528bd,1575961607558,1575961604
0x1c955945289002e905b0afd05f32feed310d8f4858ba6ea1a6fafc45cf1528bd,1575961607558,1575961604
0x1c955945289002e905b0afd05f32feed310d8f4858ba6ea1a6fafc45cf1528bd,1575961607559,1575961604
0x1c955945289002e905b0afd05f32feed310d8f4858ba6ea1a6fafc45cf1528bd,1575961607559,1575961604
0x1c955945289002e905b0afd05f32feed310d8f4858ba6ea1a6fafc45cf1528bd,1575961607559,1575961604
0x1c955945289002e905b0afd05f32feed310d8f4858ba6ea1a6fafc45cf1528bd,1575961607559,1575961604
0x1c955945289002e905b0afd05f32feed310d8f4858ba6ea1a6fafc45cf1528bd,1575961607560,1575961604
0x1c955945289002e905b0afd05f32feed310d8f4858ba6ea1a6fafc45cf1528bd,1575961607560,1575961604
0x1c955945289002e905b0afd05f32feed310d8f4858ba6ea1a6fafc45cf1528bd,1575961607560,1575961604
0x1c955945289002e905b0afd05f32feed310d8f4858ba6ea1a6fafc45cf1528bd,1575961607561,1575961604
0x1c955945289002e905b0afd05f32feed310d8f4858ba6ea1a6fafc45cf1528bd,1575961607561,1575961604
0x1c955945289002e905b0afd05f32feed310d8f4858ba6ea1a6fafc45cf1528bd,1575961607561,1575961604
0x1c955945289002e905b0afd05f32feed310d8f4858ba6ea1a6fafc45cf1528bd,1575961607561,1575961604
0x1c955945289002e905b0afd05f32feed310d8f4858ba6ea1a6fafc45cf1528bd,1575961607562,1575961604
0x1c955945289002e905b0afd05f32feed310d8f4858ba6ea1a6fafc45cf1528bd,1575961607562,1575961604
0x1c955945289002e905b0afd05f32feed310d8f4858ba6ea1a6fafc45cf1528bd,1575961607562,1575961604
0x1c955945289002e905b0afd05f32feed310d8f4858ba6ea1a6fafc45cf1528bd,1575961607562,1575961604
0x1c955945289002e905b0afd05f32feed310d8f4858ba6ea1a6fafc45cf1528bd,1575961607563,1575961604
0x1c955945289002e905b0afd05f32feed310d8f4858ba6ea1a6fafc45cf1528bd,1575961607563,1575961604
0x1c955945289002e905b0afd05f32feed310d8f4858ba6ea1a6fafc45cf1528bd,1575961607563,1575961604
0x1c955945289002e905b0afd05f32feed310d8f4858ba6ea1a6fafc45cf1528bd,1575961607563,1575961604
0x1c955945289002e905b0afd05f32feed310d8f4858ba6ea1a6fafc45cf1528bd,1575961607563,1575961604
0x1c955945289002e905b0afd05f32feed310d8f4858ba6ea1a6fafc45cf1528bd,1575961607564,1575961604
0x1c955945289002e905b0afd05f32feed310d8f4858ba6ea1a6fafc45cf1528bd,1575961607564,1575961604
0x1c955945289002e905b0afd05f32feed310d8f4858ba6ea1a6fafc45cf1528bd,1575961607564,1575961604
0x1c955945289002e905b0afd05f32feed310d8f4858ba6ea1a6fafc45cf1528bd,1575961607565,1575961604
0x1c955945289002e905b0afd05f32feed310d8f4858ba6ea1a6fafc45cf1528bd,1575961607565,1575961604
0x1c955945289002e905b0afd05f32feed310d8f4858ba6ea1a6fafc45cf1528bd,1575961607565,1575961604
0x1c955945289002e905b0afd05f32feed310d8f4858ba6ea1a6fafc45cf1528bd,1575961607565,1575961604
0x1c955945289002e905b0afd05f32feed310d8f4858ba6ea1a6fafc45cf1528bd,1575961607566,1575961604
0x1c955945289002e905b0afd05f32feed310d8f4858ba6ea1a6fafc45cf1528bd,1575961607566,1575961604
0x1c955945289002e905b0afd05f32feed310d8f4858ba6ea1a6fafc45cf1528bd,1575961607566,1575961604
0x1c955945289002e905b0afd05f32feed310d8f4858ba6ea1a6fafc45cf1528bd,1575961607566,1575961604
0x1c955945289002e905b0afd05f32feed310d8f4858ba6ea1a6fafc45cf1528bd,1575961607567,1575961604
0x1c955945289002e905b0afd05f32feed310d8f4858ba6ea1a6fafc45cf1528bd,1575961607567,1575961604
0x1c955945289002e905b0afd05f32feed310d8f4858ba6ea1a6fafc45cf1528bd,1575961607567,1575961604
0x1c955945289002e905b0afd05f32feed310d8f4858ba6ea1a6fafc45cf1528bd,1575961607567,1575961604
0x1c955945289002e905b0afd05f32feed310d8f4858ba6ea1a6fafc45cf1528bd,1575961607568,1575961604
0x1c955945289002e905b0afd05f32feed310d8f4858ba6ea1a6fafc45cf1528bd,1575961607568,1575961604
0x1c955945289002e905b0afd05f32feed310d8f4858ba6ea1a6fafc45cf1528bd,1575961607569,1575961604
0x1c955945289002e905b0afd05f32feed310d8f4858ba6ea1a6fafc45cf1528bd,1575961607569,1575961604
0x1c955945289002e905b0afd05f32feed310d8f4858ba6ea1a6fafc45cf1528bd,1575961607570,1575961604
0x1c955945289002e905b0afd05f32feed310d8f4858ba6ea1a6fafc45cf1528bd,1575961607570,1575961604
0x1c955945289002e905b0afd05f32feed310d8f4858ba6ea1a6fafc45cf1528bd,1575961607570,1575961604
0x1c955945289002e905b0afd05f32feed310d8f4858ba6ea1a6fafc45cf1528bd,1575961607570,1575961604
0x1c955945289002e905b0afd05f32feed310d8f4858ba6ea1a6fafc45cf1528bd,1575961607571,1575961604
0x1c955945289002e905b0afd05f32feed310d8f4858ba6ea1a6fafc45cf1528bd,1575961607571,1575961604
0x1c955945289002e905b0afd05f32feed310d8f4858ba6ea1a6fafc45cf1528bd,1575961607571,1575961604
0x1c955945289002e905b0afd05f32feed310d8f4858ba6ea1a6fafc45cf1528bd,1575961607571,1575961604
0x1c955945289002e905b0afd05f32feed310d8f4858ba6ea1a6fafc45cf1528bd,1575961607571,1575961604
0x1c955945289002e905b0afd05f32feed310d8f4858ba6ea1a6fafc45cf1528bd,1575961607572,1575961604
0x1c955945289002e905b0afd05f32feed310d8f4858ba6ea1a6fafc45cf1528bd,1575961607572,1575961604
0x1c955945289002e905b0afd05f32feed310d8f4858ba6ea1a6fafc45cf1528bd,1575961607572,1575961604
0x1c955945289002e905b0afd05f32feed310d8f4858ba6ea1a6fafc45cf1528bd,1575961607572,1575961604
0x1c955945289002e905b0afd05f32feed310d8f4858ba6ea1a6fafc45cf1528bd,1575961607573,1575961604
0x1c955945289002e905b0afd05f32feed310d8f4858ba6ea1a6fafc45cf1528bd,1575961607573,1575961604
0x1c955945289002e905b0afd05f32feed310d8f4858ba6ea1a6fafc45cf1528bd,1575961607573,1575961604
0x1c955945289002e905b0afd05f32feed310d8f4858ba6ea1a6fafc45cf1528bd,1575961607573,1575961604
0x1c955945289002e905b0afd05f32feed310d8f4858ba6ea1a6fafc45cf1528bd,1575961607574,1575961604
0x1c955945289002e905b0afd05f32feed310d8f4858ba6ea1a6fafc45cf1528bd,1575961607574,1575961604
0x1c955945289002e905b0afd05f32feed310d8f4858ba6ea1a6fafc45cf1528bd,1575961607574,1575961604
0x1c955945289002e905b0afd05f32feed310d8f4858ba6ea1a6fafc45cf1528bd,1575961607574,1575961604
0x1c955945289002e905b0afd05f32feed310d8f4858ba6ea1a6fafc45cf1528bd,1575961607575,1575961604
0x1c955945289002e905b0afd05f32feed310d8f4858ba6ea1a6fafc45cf1528bd,1575961607575,1575961604
0x1c955945289002e905b0afd05f32feed310d8f4858ba6ea1a6fafc45cf1528bd,1575961607575,1575961604
0x1c955945289002e905b0afd05f32feed310d8f4858ba6ea1a6fafc45cf1528bd,1575961607575,1575961604
0x1c955945289002e905b0afd05f32feed310d8f4858ba6ea1a6fafc45cf1528bd,1575961607575,1575961604
0x1c955945289002e905b0afd05f32feed310d8f4858ba6ea1a6fafc45cf1528bd,1575961607576,1575961604
0x1c955945289002e905b0afd05f32feed310d8f4858ba6ea1a6fafc45cf1528bd,1575961607576,1575961604
0x1c955945289002e905b0afd05f32feed310d8f4858ba6ea1a6fafc45cf1528bd,1575961607576,1575961604
0x1c955945289002e905b0afd05f32feed310d8f4858ba6ea1a6fafc45cf1528bd,1575961607576,1575961604
0x1c955945289002e905b0afd05f32feed310d8f4858ba6ea1a6fafc45cf1528bd,1575961607577,1575961604
0x1c955945289002e905b0afd05f32feed310d8f4858ba6ea1a6fafc45cf1528bd,1575961607577,1575961604
0x1c955945289002e905b0afd05f32feed310d8f4858ba6ea1a6fafc45cf1528bd,1575961609520,1575961607
0x1c955945289002e905b0afd05f32feed310d8f4858ba6ea1a6fafc45cf1528bd,1575961609520,1575961607
0x1c955945289002e905b0afd05f32feed310d8f4858ba6ea1a6fafc45cf1528bd,1575961609521,1575961607
0x1c955945289002e905b0afd05f32feed310d8f4858ba6ea1a6fafc45cf1528bd,1575961609521,1575961607
0x1c955945289002e905b0afd05f32feed310d8f4858ba6ea1a6fafc45cf1528bd,1575961609522,1575961607
0x1c955945289002e905b0afd05f32feed310d8f4858ba6ea1a6fafc45cf1528bd,1575961609522,1575961607
0x1c955945289002e905b0afd05f32feed310d8f4858ba6ea1a6fafc45cf1528bd,1575961609522,1575961607
0x1c955945289002e905b0afd05f32feed310d8f4858ba6ea1a6fafc45cf1528bd,1575961609523,1575961607
0x1c955945289002e905b0afd05f32feed310d8f4858ba6ea1a6fafc45cf1528bd,1575961609523,1575961607
0x1c955945289002e905b0afd05f32feed310d8f4858ba6ea1a6fafc45cf1528bd,1575961609523,1575961607
0x1c955945289002e905b0afd05f32feed310d8f4858ba6ea1a6fafc45cf1528bd,1575961609523,1575961607
0x1c955945289002e905b0afd05f32feed310d8f4858ba6ea1a6fafc45cf1528bd,1575961609524,1575961607
0x1c955945289002e905b0afd05f32feed310d8f4858ba6ea1a6fafc45cf1528bd,1575961609524,1575961607
0x1c955945289002e905b0afd05f32feed310d8f4858ba6ea1a6fafc45cf1528bd,1575961609524,1575961607
0x1c955945289002e905b0afd05f32feed310d8f4858ba6ea1a6fafc45cf1528bd,1575961609524,1575961607
0x1c955945289002e905b0afd05f32feed310d8f4858ba6ea1a6fafc45cf1528bd,1575961609525,1575961607
0x1c955945289002e905b0afd05f32feed310d8f4858ba6ea1a6fafc45cf1528bd,1575961609525,1575961607
0x1c955945289002e905b0afd05f32feed310d8f4858ba6ea1a6fafc45cf1528bd,1575961609525,1575961607
0x1c955945289002e905b0afd05f32feed310d8f4858ba6ea1a6fafc45cf1528bd,1575961609525,1575961607
0x1c955945289002e905b0afd05f32feed310d8f4858ba6ea1a6fafc45cf1528bd,1575961609526,1575961607
0x1c955945289002e905b0afd05f32feed310d8f4858ba6ea1a6fafc45cf1528bd,1575961609526,1575961607
0x1c955945289002e905b0afd05f32feed310d8f4858ba6ea1a6fafc45cf1528bd,1575961609526,1575961607
0x1c955945289002e905b0afd05f32feed310d8f4858ba6ea1a6fafc45cf1528bd,1575961609526,1575961607
0x1c955945289002e905b0afd05f32feed310d8f4858ba6ea1a6fafc45cf1528bd,1575961609526,1575961607
0x1c955945289002e905b0afd05f32feed310d8f4858ba6ea1a6fafc45cf1528bd,1575961609527,1575961607
0x1c955945289002e905b0afd05f32feed310d8f4858ba6ea1a6fafc45cf1528bd,1575961609527,1575961607
0x1c955945289002e905b0afd05f32feed310d8f4858ba6ea1a6fafc45cf1528bd,1575961609527,1575961607
0x1c955945289002e905b0afd05f32feed310d8f4858ba6ea1a6fafc45cf1528bd,1575961609527,1575961607
0x1c955945289002e905b0afd05f32feed310d8f4858ba6ea1a6fafc45cf1528bd,1575961609528,1575961607
0x1c955945289002e905b0afd05f32feed310d8f4858ba6ea1a6fafc45cf1528bd,1575961609528,1575961607
0x1c955945289002e905b0afd05f32feed310d8f4858ba6ea1a6fafc45cf1528bd,1575961609528,1575961607
0x1c955945289002e905b0afd05f32feed310d8f4858ba6ea1a6fafc45cf1528bd,1575961609528,1575961607
0x1c955945289002e905b0afd05f32feed310d8f4858ba6ea1a6fafc45cf1528bd,1575961609528,1575961607
0x1c955945289002e905b0afd05f32feed310d8f4858ba6ea1a6fafc45cf1528bd,1575961609529,1575961607
0x1c955945289002e905b0afd05f32feed310d8f4858ba6ea1a6fafc45cf1528bd,1575961609529,1575961607
0x1c955945289002e905b0afd05f32feed310d8f4858ba6ea1a6fafc45cf1528bd,1575961609529,1575961607
0x1c955945289002e905b0afd05f32feed310d8f4858ba6ea1a6fafc45cf1528bd,1575961609529,1575961607
0x1c955945289002e905b0afd05f32feed310d8f4858ba6ea1a6fafc45cf1528bd,1575961609530,1575961607
0x1c955945289002e905b0afd05f32feed310d8f4858ba6ea1a6fafc45cf1528bd,1575961609530,1575961607
0x1c955945289002e905b0afd05f32feed310d8f4858ba6ea1a6fafc45cf1528bd,1575961609531,1575961607
0x1c955945289002e905b0afd05f32feed310d8f4858ba6ea1a6fafc45cf1528bd,1575961609531,1575961607
0x1c955945289002e905b0afd05f32feed310d8f4858ba6ea1a6fafc45cf1528bd,1575961609531,1575961607
0x1c955945289002e905b0afd05f32feed310d8f4858ba6ea1a6fafc45cf1528bd,1575961609531,1575961607
0x1c955945289002e905b0afd05f32feed310d8f4858ba6ea1a6fafc45cf1528bd,1575961609532,1575961607
0x1c955945289002e905b0afd05f32feed310d8f4858ba6ea1a6fafc45cf1528bd,1575961609533,1575961607
0x1c955945289002e905b0afd05f32feed310d8f4858ba6ea1a6fafc45cf1528bd,1575961609533,1575961607
0x1c955945289002e905b0afd05f32feed310d8f4858ba6ea1a6fafc45cf1528bd,1575961609533,1575961607
0x1c955945289002e905b0afd05f32feed310d8f4858ba6ea1a6fafc45cf1528bd,1575961609533,1575961607
0x1c955945289002e905b0afd05f32feed310d8f4858ba6ea1a6fafc45cf1528bd,1575961609534,1575961607
0x1c955945289002e905b0afd05f32feed310d8f4858ba6ea1a6fafc45cf1528bd,1575961609534,1575961607
0x1c955945289002e905b0afd05f32feed310d8f4858ba6ea1a6fafc45cf1528bd,1575961609534,1575961607
0x1c955945289002e905b0afd05f32feed310d8f4858ba6ea1a6fafc45cf1528bd,1575961609534,1575961607
0x1c955945289002e905b0afd05f32feed310d8f4858ba6ea1a6fafc45cf1528bd,1575961609535,1575961607
0x1c955945289002e905b0afd05f32feed310d8f4858ba6ea1a6fafc45cf1528bd,1575961609535,1575961607
0x1c955945289002e905b0afd05f32feed310d8f4858ba6ea1a6fafc45cf1528bd,1575961609535,1575961607
0x1c955945289002e905b0afd05f32feed310d8f4858ba6ea1a6fafc45cf1528bd,1575961609535,1575961607
0x1c955945289002e905b0afd05f32feed310d8f4858ba6ea1a6fafc45cf1528bd,1575961609535,1575961607
0x1c955945289002e905b0afd05f32feed310d8f4858ba6ea1a6fafc45cf1528bd,1575961609536,1575961607
0x1c955945289002e905b0afd05f32feed310d8f4858ba6ea1a6fafc45cf1528bd,1575961609536,1575961607
0x1c955945289002e905b0afd05f32feed310d8f4858ba6ea1a6fafc45cf1528bd,1575961609536,1575961607
0x1c955945289002e905b0afd05f32feed310d8f4858ba6ea1a6fafc45cf1528bd,1575961609536,1575961607
0x1c955945289002e905b0afd05f32feed310d8f4858ba6ea1a6fafc45cf1528bd,1575961609537,1575961607
0x1c955945289002e905b0afd05f32feed310d8f4858ba6ea1a6fafc45cf1528bd,1575961609537,1575961607
0x1c955945289002e905b0afd05f32feed310d8f4858ba6ea1a6fafc45cf1528bd,1575961609537,1575961607
0x1c955945289002e905b0afd05f32feed310d8f4858ba6ea1a6fafc45cf1528bd,1575961609537,1575961607
0x1c955945289002e905b0afd05f32feed310d8f4858ba6ea1a6fafc45cf1528bd,1575961609538,1575961607
0x1c955945289002e905b0afd05f32feed310d8f4858ba6ea1a6fafc45cf1528bd,1575961609538,1575961607
0x1c955945289002e905b0afd05f32feed310d8f4858ba6ea1a6fafc45cf1528bd,1575961609538,1575961607
0x1c955945289002e905b0afd05f32feed310d8f4858ba6ea1a6fafc45cf1528bd,1575961609538,1575961607
0x1c955945289002e905b0afd05f32feed310d8f4858ba6ea1a6fafc45cf1528bd,1575961609539,1575961607
0x1c955945289002e905b0afd05f32feed310d8f4858ba6ea1a6fafc45cf1528bd,1575961609539,1575961607
0x1c955945289002e905b0afd05f32feed310d8f4858ba6ea1a6fafc45cf1528bd,1575961609539,1575961607
0x1c955945289002e905b0afd05f32feed310d8f4858ba6ea1a6fafc45cf1528bd,1575961609540,1575961607
0x1c955945289002e905b0afd05f32feed310d8f4858ba6ea1a6fafc45cf1528bd,1575961609540,1575961607
0x1c955945289002e905b0afd05f32feed310d8f4858ba6ea1a6fafc45cf1528bd,1575961609540,1575961607
0x1c955945289002e905b0afd05f32feed310d8f4858ba6ea1a6fafc45cf1528bd,1575961609541,1575961607
0x1c955945289002e905b0afd05f32feed310d8f4858ba6ea1a6fafc45cf1528bd,1575961609541,1575961607
0x1c955945289002e905b0afd05f32feed310d8f4858ba6ea1a6fafc45cf1528bd,1575961609541,1575961607
0x1c955945289002e905b0afd05f32feed310d8f4858ba6ea1a6fafc45cf1528bd,1575961609541,1575961607
0x1c955945289002e905b0afd05f32feed310d8f4858ba6ea1a6fafc45cf1528bd,1575961609541,1575961607
0x1c955945289002e905b0afd05f32feed310d8f4858ba6ea1a6fafc45cf1528bd,1575961609542,1575961607
0x1c955945289002e905b0afd05f32feed310d8f4858ba6ea1a6fafc45cf1528bd,1575961609542,1575961607
0x1c955945289002e905b0afd05f32feed310d8f4858ba6ea1a6fafc45cf1528bd,1575961609542,1575961607
0x1c955945289002e905b0afd05f32feed310d8f4858ba6ea1a6fafc45cf1528bd,1575961609543,1575961607
0x1c955945289002e905b0afd05f32feed310d8f4858ba6ea1a6fafc45cf1528bd,1575961609543,1575961607
0x1c955945289002e905b0afd05f32feed310d8f4858ba6ea1a6fafc45cf1528bd,1575961609543,1575961607
0x1c955945289002e905b0afd05f32feed310d8f4858ba6ea1a6fafc45cf1528bd,1575961609543,1575961607
0x1c955945289002e905b0afd05f32feed310d8f4858ba6ea1a6fafc45cf1528bd,1575961609544,1575961607
0x1c955945289002e905b0afd05f32feed310d8f4858ba6ea1a6fafc45cf1528bd,1575961609544,1575961607
0x1c955945289002e905b0afd05f32feed310d8f4858ba6ea1a6fafc45cf1528bd,1575961609544,1575961607
0x1c955945289002e905b0afd05f32feed310d8f4858ba6ea1a6fafc45cf1528bd,1575961609545,1575961607
0x1c955945289002e905b0afd05f32feed310d8f4858ba6ea1a6fafc45cf1528bd,1575961609545,1575961607
0x1c955945289002e905b0afd05f32feed310d8f4858ba6ea1a6fafc45cf1528bd,1575961609545,1575961607
0x1c955945289002e905b0afd05f32feed310d8f4858ba6ea1a6fafc45cf1528bd,1575961609545,1575961607
0x1c955945289002e905b0afd05f32feed310d8f4858ba6ea1a6fafc45cf1528bd,1575961609546,1575961607
0x1c955945289002e905b0afd05f32feed310d8f4858ba6ea1a6fafc45cf1528bd,1575961609546,1575961607
0x1c955945289002e905b0afd05f32feed310d8f4858ba6ea1a6fafc45cf1528bd,1575961609546,1575961607
0x1c955945289002e905b0afd05f32feed310d8f4858ba6ea1a6fafc45cf1528bd,1575961609547,1575961607
0x1c955945289002e905b0afd05f32feed310d8f4858ba6ea1a6fafc45cf1528bd,1575961609547,1575961607
0x1c955945289002e905b0afd05f32feed310d8f4858ba6ea1a6fafc45cf1528bd,1575961609547,1575961607
0x1c955945289002e905b0afd05f32feed310d8f4858ba6ea1a6fafc45cf1528bd,1575961609547,1575961607
0x1c955945289002e905b0afd05f32feed310d8f4858ba6ea1a6fafc45cf1528bd,1575961609548,1575961607
0x1c955945289002e905b0afd05f32feed310d8f4858ba6ea1a6fafc45cf1528bd,1575961609548,1575961607
0x1c955945289002e905b0afd05f32feed310d8f4858ba6ea1a6fafc45cf1528bd,1575961609548,1575961607
0x1c955945289002e905b0afd05f32feed310d8f4858ba6ea1a6fafc45cf1528bd,1575961609548,1575961607
0x1c955945289002e905b0afd05f32feed310d8f4858ba6ea1a6fafc45cf1528bd,1575961609549,1575961607
0x1c955945289002e905b0afd05f32feed310d8f4858ba6ea1a6fafc45cf1528bd,1575961609549,1575961607
0x1c955945289002e905b0afd05f32feed310d8f4858ba6ea1a6fafc45cf1528bd,1575961609549,1575961607
0x1c955945289002e905b0afd05f32feed310d8f4858ba6ea1a6fafc45cf1528bd,1575961609550,1575961607
0x1c955945289002e905b0afd05f32feed310d8f4858ba6ea1a6fafc45cf1528bd,1575961609550,1575961607
0x1c955945289002e905b0afd05f32feed310d8f4858ba6ea1a6fafc45cf1528bd,1575961609550,1575961607
0x1c955945289002e905b0afd05f32feed310d8f4858ba6ea1a6fafc45cf1528bd,1575961609550,1575961607
0x1c955945289002e905b0afd05f32feed310d8f4858ba6ea1a6fafc45cf1528bd,1575961609551,1575961607
0x1c955945289002e905b0afd05f32feed310d8f4858ba6ea1a6fafc45cf1528bd,1575961609551,1575961607
0x1c955945289002e905b0afd05f32feed310d8f4858ba6ea1a6fafc45cf1528bd,1575961609551,1575961607
0x1c955945289002e905b0afd05f32feed310d8f4858ba6ea1a6fafc45cf1528bd,1575961609551,1575961607
0x1c955945289002e905b0afd05f32feed310d8f4858ba6ea1a6fafc45cf1528bd,1575961609551,1575961607
0x1c955945289002e905b0afd05f32feed310d8f4858ba6ea1a6fafc45cf1528bd,1575961609552,1575961607
0x1c955945289002e905b0afd05f32feed310d8f4858ba6ea1a6fafc45cf1528bd,1575961609552,1575961607
0x1c955945289002e905b0afd05f32feed310d8f4858ba6ea1a6fafc45cf1528bd,1575961609552,1575961607
0x1c955945289002e905b0afd05f32feed310d8f4858ba6ea1a6fafc45cf1528bd,1575961609553,1575961607
0x1c955945289002e905b0afd05f32feed310d8f4858ba6ea1a6fafc45cf1528bd,1575961609553,1575961607
0x1c955945289002e905b0afd05f32feed310d8f4858ba6ea1a6fafc45cf1528bd,1575961609553,1575961607
0x1c955945289002e905b0afd05f32feed310d8f4858ba6ea1a6fafc45cf1528bd,1575961609553,1575961607
0x1c955945289002e905b0afd05f32feed310d8f4858ba6ea1a6fafc45cf1528bd,1575961609554,1575961607
0x1c955945289002e905b0afd05f32feed310d8f4858ba6ea1a6fafc45cf1528bd,1575961609554,1575961607
0x1c955945289002e905b0afd05f32feed310d8f4858ba6ea1a6fafc45cf1528bd,1575961609554,1575961607
0x1c955945289002e905b0afd05f32feed310d8f4858ba6ea1a6fafc45cf1528bd,1575961609555,1575961607
0x1c955945289002e905b0afd05f32feed310d8f4858ba6ea1a6fafc45cf1528bd,1575961609555,1575961607
0x1c955945289002e905b0afd05f32feed310d8f4858ba6ea1a6fafc45cf1528bd,1575961609555,1575961607
0x1c955945289002e905b0afd05f32feed310d8f4858ba6ea1a6fafc45cf1528bd,1575961609555,1575961607
0x1c955945289002e905b0afd05f32feed310d8f4858ba6ea1a6fafc45cf1528bd,1575961609556,1575961607
0x1c955945289002e905b0afd05f32feed310d8f4858ba6ea1a6fafc45cf1528bd,1575961609556,1575961607
0x1c955945289002e905b0afd05f32feed310d8f4858ba6ea1a6fafc45cf1528bd,1575961609556,1575961607
0x1c955945289002e905b0afd05f32feed310d8f4858ba6ea1a6fafc45cf1528bd,1575961609556,1575961607
0x1c955945289002e905b0afd05f32feed310d8f4858ba6ea1a6fafc45cf1528bd,1575961609557,1575961607
0x1c955945289002e905b0afd05f32feed310d8f4858ba6ea1a6fafc45cf1528bd,1575961609557,1575961607
0x1c955945289002e905b0afd05f32feed310d8f4858ba6ea1a6fafc45cf1528bd,1575961609557,1575961607
0x1c955945289002e905b0afd05f32feed310d8f4858ba6ea1a6fafc45cf1528bd,1575961609557,1575961607
0x1c955945289002e905b0afd05f32feed310d8f4858ba6ea1a6fafc45cf1528bd,1575961609558,1575961607
0x1c955945289002e905b0afd05f32feed310d8f4858ba6ea1a6fafc45cf1528bd,1575961609558,1575961607
0x1c955945289002e905b0afd05f32feed310d8f4858ba6ea1a6fafc45cf1528bd,1575961609558,1575961607
0x1c955945289002e905b0afd05f32feed310d8f4858ba6ea1a6fafc45cf1528bd,1575961609558,1575961607
0x1c955945289002e905b0afd05f32feed310d8f4858ba6ea1a6fafc45cf1528bd,1575961609559,1575961607
0x1c955945289002e905b0afd05f32feed310d8f4858ba6ea1a6fafc45cf1528bd,1575961609559,1575961607
0x1c955945289002e905b0afd05f32feed310d8f4858ba6ea1a6fafc45cf1528bd,1575961609559,1575961607
0x1c955945289002e905b0afd05f32feed310d8f4858ba6ea1a6fafc45cf1528bd,1575961609559,1575961607
0x1c955945289002e905b0afd05f32feed310d8f4858ba6ea1a6fafc45cf1528bd,1575961609560,1575961607
0x1c955945289002e905b0afd05f32feed310d8f4858ba6ea1a6fafc45cf1528bd,1575961609560,1575961607
0x1c955945289002e905b0afd05f32feed310d8f4858ba6ea1a6fafc45cf1528bd,1575961609560,1575961607
0x1c955945289002e905b0afd05f32feed310d8f4858ba6ea1a6fafc45cf1528bd,1575961609560,1575961607
0x1c955945289002e905b0afd05f32feed310d8f4858ba6ea1a6fafc45cf1528bd,1575961609561,1575961607
0x1c955945289002e905b0afd05f32feed310d8f4858ba6ea1a6fafc45cf1528bd,1575961609561,1575961607
0x1c955945289002e905b0afd05f32feed310d8f4858ba6ea1a6fafc45cf1528bd,1575961609561,1575961607
0x1c955945289002e905b0afd05f32feed310d8f4858ba6ea1a6fafc45cf1528bd,1575961609561,1575961607
0x1c955945289002e905b0afd05f32feed310d8f4858ba6ea1a6fafc45cf1528bd,1575961609562,1575961607
0x1c955945289002e905b0afd05f32feed310d8f4858ba6ea1a6fafc45cf1528bd,1575961609562,1575961607
0x1c955945289002e905b0afd05f32feed310d8f4858ba6ea1a6fafc45cf1528bd,1575961609562,1575961607
0x1c955945289002e905b0afd05f32feed310d8f4858ba6ea1a6fafc45cf1528bd,1575961609562,1575961607
0x1c955945289002e905b0afd05f32feed310d8f4858ba6ea1a6fafc45cf1528bd,1575961609563,1575961607
0x1c955945289002e905b0afd05f32feed310d8f4858ba6ea1a6fafc45cf1528bd,1575961609563,1575961607
0x1c955945289002e905b0afd05f32feed310d8f4858ba6ea1a6fafc45cf1528bd,1575961609563,1575961607
0x1c955945289002e905b0afd05f32feed310d8f4858ba6ea1a6fafc45cf1528bd,1575961609563,1575961607
0x1c955945289002e905b0afd05f32feed310d8f4858ba6ea1a6fafc45cf1528bd,1575961609564,1575961607
0x1c955945289002e905b0afd05f32feed310d8f4858ba6ea1a6fafc45cf1528bd,1575961609564,1575961607
0x1c955945289002e905b0afd05f32feed310d8f4858ba6ea1a6fafc45cf1528bd,1575961609564,1575961607
0x1c955945289002e905b0afd05f32feed310d8f4858ba6ea1a6fafc45cf1528bd,1575961609564,1575961607
0x1c955945289002e905b0afd05f32feed310d8f4858ba6ea1a6fafc45cf1528bd,1575961609565,1575961607
0x1c955945289002e905b0afd05f32feed310d8f4858ba6ea1a6fafc45cf1528bd,1575961609565,1575961607
0x1c955945289002e905b0afd05f32feed310d8f4858ba6ea1a6fafc45cf1528bd,1575961609565,1575961607
0x1c955945289002e905b0afd05f32feed310d8f4858ba6ea1a6fafc45cf1528bd,1575961609565,1575961607
0x1c955945289002e905b0afd05f32feed310d8f4858ba6ea1a6fafc45cf1528bd,1575961609566,1575961607
0x1c955945289002e905b0afd05f32feed310d8f4858ba6ea1a6fafc45cf1528bd,1575961609566,1575961607
0x1c955945289002e905b0afd05f32feed310d8f4858ba6ea1a6fafc45cf1528bd,1575961609566,1575961607
0x1c955945289002e905b0afd05f32feed310d8f4858ba6ea1a6fafc45cf1528bd,1575961609566,1575961607
0x1c955945289002e905b0afd05f32feed310d8f4858ba6ea1a6fafc45cf1528bd,1575961609567,1575961607
0x1c955945289002e905b0afd05f32feed310d8f4858ba6ea1a6fafc45cf1528bd,1575961609644,1575961609
0x1c955945289002e905b0afd05f32feed310d8f4858ba6ea1a6fafc45cf1528bd,1575961609644,1575961609
0x1c955945289002e905b0afd05f32feed310d8f4858ba6ea1a6fafc45cf1528bd,1575961609645,1575961609
0x1c955945289002e905b0afd05f32feed310d8f4858ba6ea1a6fafc45cf1528bd,1575961609646,1575961609
0x1c955945289002e905b0afd05f32feed310d8f4858ba6ea1a6fafc45cf1528bd,1575961609646,1575961609
0x1c955945289002e905b0afd05f32feed310d8f4858ba6ea1a6fafc45cf1528bd,1575961609647,1575961609
0x1c955945289002e905b0afd05f32feed310d8f4858ba6ea1a6fafc45cf1528bd,1575961609647,1575961609
0x1c955945289002e905b0afd05f32feed310d8f4858ba6ea1a6fafc45cf1528bd,1575961609647,1575961609
0x1c955945289002e905b0afd05f32feed310d8f4858ba6ea1a6fafc45cf1528bd,1575961609647,1575961609
0x1c955945289002e905b0afd05f32feed310d8f4858ba6ea1a6fafc45cf1528bd,1575961642717,1575961623
0x1c955945289002e905b0afd05f32feed310d8f4858ba6ea1a6fafc45cf1528bd,1575961642718,1575961623
0x1c955945289002e905b0afd05f32feed310d8f4858ba6ea1a6fafc45cf1528bd,1575961642718,1575961623
0x1c955945289002e905b0afd05f32feed310d8f4858ba6ea1a6fafc45cf1528bd,1575961642719,1575961623
0x1c955945289002e905b0afd05f32feed310d8f4858ba6ea1a6fafc45cf1528bd,1575961642719,1575961623
0x1c955945289002e905b0afd05f32feed310d8f4858ba6ea1a6fafc45cf1528bd,1575961642719,1575961623
0x1c955945289002e905b0afd05f32feed310d8f4858ba6ea1a6fafc45cf1528bd,1575961642720,1575961623
0x1c955945289002e905b0afd05f32feed310d8f4858ba6ea1a6fafc45cf1528bd,1575961642720,1575961623
0x1c955945289002e905b0afd05f32feed310d8f4858ba6ea1a6fafc45cf1528bd,1575961642720,1575961623
0x1c955945289002e905b0afd05f32feed310d8f4858ba6ea1a6fafc45cf1528bd,1575961642721,1575961623
0x1c955945289002e905b0afd05f32feed310d8f4858ba6ea1a6fafc45cf1528bd,1575961642721,1575961623
0x1c955945289002e905b0afd05f32feed310d8f4858ba6ea1a6fafc45cf1528bd,1575961642721,1575961623
0x1c955945289002e905b0afd05f32feed310d8f4858ba6ea1a6fafc45cf1528bd,1575961642722,1575961623
0x1c955945289002e905b0afd05f32feed310d8f4858ba6ea1a6fafc45cf1528bd,1575961642722,1575961623
0x1c955945289002e905b0afd05f32feed310d8f4858ba6ea1a6fafc45cf1528bd,1575961642723,1575961623
0x1c955945289002e905b0afd05f32feed310d8f4858ba6ea1a6fafc45cf1528bd,1575961642723,1575961623
0x1c955945289002e905b0afd05f32feed310d8f4858ba6ea1a6fafc45cf1528bd,1575961642723,1575961623
0x1c955945289002e905b0afd05f32feed310d8f4858ba6ea1a6fafc45cf1528bd,1575961642724,1575961623
0x1c955945289002e905b0afd05f32feed310d8f4858ba6ea1a6fafc45cf1528bd,1575961642724,1575961623
0x1c955945289002e905b0afd05f32feed310d8f4858ba6ea1a6fafc45cf1528bd,1575961642724,1575961623
0x1c955945289002e905b0afd05f32feed310d8f4858ba6ea1a6fafc45cf1528bd,1575961642725,1575961623
0x1c955945289002e905b0afd05f32feed310d8f4858ba6ea1a6fafc45cf1528bd,1575961642725,1575961623
0x1c955945289002e905b0afd05f32feed310d8f4858ba6ea1a6fafc45cf1528bd,1575961642725,1575961623
0x1c955945289002e905b0afd05f32feed310d8f4858ba6ea1a6fafc45cf1528bd,1575961642726,1575961623
0x1c955945289002e905b0afd05f32feed310d8f4858ba6ea1a6fafc45cf1528bd,1575961642726,1575961623
0x1c955945289002e905b0afd05f32feed310d8f4858ba6ea1a6fafc45cf1528bd,1575961642726,1575961623
0x1c955945289002e905b0afd05f32feed310d8f4858ba6ea1a6fafc45cf1528bd,1575961642727,1575961623
0x1c955945289002e905b0afd05f32feed310d8f4858ba6ea1a6fafc45cf1528bd,1575961642727,1575961623
0x1c955945289002e905b0afd05f32feed310d8f4858ba6ea1a6fafc45cf1528bd,1575961642729,1575961623
0x1c955945289002e905b0afd05f32feed310d8f4858ba6ea1a6fafc45cf1528bd,1575961642729,1575961623
0x1c955945289002e905b0afd05f32feed310d8f4858ba6ea1a6fafc45cf1528bd,1575961642729,1575961623
0x1c955945289002e905b0afd05f32feed310d8f4858ba6ea1a6fafc45cf1528bd,1575961642730,1575961623
0x1c955945289002e905b0afd05f32feed310d8f4858ba6ea1a6fafc45cf1528bd,1575961642730,1575961623
0x1c955945289002e905b0afd05f32feed310d8f4858ba6ea1a6fafc45cf1528bd,1575961642731,1575961623
0x1c955945289002e905b0afd05f32feed310d8f4858ba6ea1a6fafc45cf1528bd,1575961642731,1575961623
0x1c955945289002e905b0afd05f32feed310d8f4858ba6ea1a6fafc45cf1528bd,1575961642731,1575961623
0x1c955945289002e905b0afd05f32feed310d8f4858ba6ea1a6fafc45cf1528bd,1575961642732,1575961623
0x1c955945289002e905b0afd05f32feed310d8f4858ba6ea1a6fafc45cf1528bd,1575961642732,1575961623
0x1c955945289002e905b0afd05f32feed310d8f4858ba6ea1a6fafc45cf1528bd,1575961642733,1575961623
0x1c955945289002e905b0afd05f32feed310d8f4858ba6ea1a6fafc45cf1528bd,1575961642733,1575961623
0x1c955945289002e905b0afd05f32feed310d8f4858ba6ea1a6fafc45cf1528bd,1575961642734,1575961623
0x1c955945289002e905b0afd05f32feed310d8f4858ba6ea1a6fafc45cf1528bd,1575961642734,1575961623
0x1c955945289002e905b0afd05f32feed310d8f4858ba6ea1a6fafc45cf1528bd,1575961642734,1575961623
0x1c955945289002e905b0afd05f32feed310d8f4858ba6ea1a6fafc45cf1528bd,1575961642735,1575961623
0x1c955945289002e905b0afd05f32feed310d8f4858ba6ea1a6fafc45cf1528bd,1575961642736,1575961623
0x1c955945289002e905b0afd05f32feed310d8f4858ba6ea1a6fafc45cf1528bd,1575961642736,1575961623
0x1c955945289002e905b0afd05f32feed310d8f4858ba6ea1a6fafc45cf1528bd,1575961642736,1575961623
0x1c955945289002e905b0afd05f32feed310d8f4858ba6ea1a6fafc45cf1528bd,1575961642737,1575961623
0x1c955945289002e905b0afd05f32feed310d8f4858ba6ea1a6fafc45cf1528bd,1575961642737,1575961623
0x1c955945289002e905b0afd05f32feed310d8f4858ba6ea1a6fafc45cf1528bd,1575961642737,1575961623
0x1c955945289002e905b0afd05f32feed310d8f4858ba6ea1a6fafc45cf1528bd,1575961642738,1575961623
0x1c955945289002e905b0afd05f32feed310d8f4858ba6ea1a6fafc45cf1528bd,1575961642738,1575961623
0x1c955945289002e905b0afd05f32feed310d8f4858ba6ea1a6fafc45cf1528bd,1575961642739,1575961623
0x1c955945289002e905b0afd05f32feed310d8f4858ba6ea1a6fafc45cf1528bd,1575961642739,1575961623
0x1c955945289002e905b0afd05f32feed310d8f4858ba6ea1a6fafc45cf1528bd,1575961642739,1575961623
0x1c955945289002e905b0afd05f32feed310d8f4858ba6ea1a6fafc45cf1528bd,1575961642740,1575961623
0x1c955945289002e905b0afd05f32feed310d8f4858ba6ea1a6fafc45cf1528bd,1575961642740,1575961623
0x1c955945289002e905b0afd05f32feed310d8f4858ba6ea1a6fafc45cf1528bd,1575961642741,1575961623
0x1c955945289002e905b0afd05f32feed310d8f4858ba6ea1a6fafc45cf1528bd,1575961642742,1575961623
0x1c955945289002e905b0afd05f32feed310d8f4858ba6ea1a6fafc45cf1528bd,1575961642742,1575961623
0x1c955945289002e905b0afd05f32feed310d8f4858ba6ea1a6fafc45cf1528bd,1575961642743,1575961623
0x1c955945289002e905b0afd05f32feed310d8f4858ba6ea1a6fafc45cf1528bd,1575961642743,1575961623
0x1c955945289002e905b0afd05f32feed310d8f4858ba6ea1a6fafc45cf1528bd,1575961642743,1575961623
0x1c955945289002e905b0afd05f32feed310d8f4858ba6ea1a6fafc45cf1528bd,1575961642744,1575961623
0x1c955945289002e905b0afd05f32feed310d8f4858ba6ea1a6fafc45cf1528bd,1575961642744,1575961623
0x1c955945289002e905b0afd05f32feed310d8f4858ba6ea1a6fafc45cf1528bd,1575961642744,1575961623
0x1c955945289002e905b0afd05f32feed310d8f4858ba6ea1a6fafc45cf1528bd,1575961642745,1575961623
0x1c955945289002e905b0afd05f32feed310d8f4858ba6ea1a6fafc45cf1528bd,1575961642745,1575961623
0x1c955945289002e905b0afd05f32feed310d8f4858ba6ea1a6fafc45cf1528bd,1575961642746,1575961623
0x1c955945289002e905b0afd05f32feed310d8f4858ba6ea1a6fafc45cf1528bd,1575961642746,1575961623
0x1c955945289002e905b0afd05f32feed310d8f4858ba6ea1a6fafc45cf1528bd,1575961642747,1575961623
0x1c955945289002e905b0afd05f32feed310d8f4858ba6ea1a6fafc45cf1528bd,1575961642747,1575961623
0x1c955945289002e905b0afd05f32feed310d8f4858ba6ea1a6fafc45cf1528bd,1575961642747,1575961623
0x1c955945289002e905b0afd05f32feed310d8f4858ba6ea1a6fafc45cf1528bd,1575961642748,1575961623
0x1c955945289002e905b0afd05f32feed310d8f4858ba6ea1a6fafc45cf1528bd,1575961642749,1575961623
0x1c955945289002e905b0afd05f32feed310d8f4858ba6ea1a6fafc45cf1528bd,1575961642749,1575961623
0x1c955945289002e905b0afd05f32feed310d8f4858ba6ea1a6fafc45cf1528bd,1575961642749,1575961623
0x1c955945289002e905b0afd05f32feed310d8f4858ba6ea1a6fafc45cf1528bd,1575961642750,1575961623
0x1c955945289002e905b0afd05f32feed310d8f4858ba6ea1a6fafc45cf1528bd,1575961642750,1575961623
0x1c955945289002e905b0afd05f32feed310d8f4858ba6ea1a6fafc45cf1528bd,1575961642750,1575961623
0x1c955945289002e905b0afd05f32feed310d8f4858ba6ea1a6fafc45cf1528bd,1575961642751,1575961623
0x1c955945289002e905b0afd05f32feed310d8f4858ba6ea1a6fafc45cf1528bd,1575961642751,1575961623
0x1c955945289002e905b0afd05f32feed310d8f4858ba6ea1a6fafc45cf1528bd,1575961642751,1575961623
0x1c955945289002e905b0afd05f32feed310d8f4858ba6ea1a6fafc45cf1528bd,1575961642752,1575961623
0x1c955945289002e905b0afd05f32feed310d8f4858ba6ea1a6fafc45cf1528bd,1575961642752,1575961623
0x1c955945289002e905b0afd05f32feed310d8f4858ba6ea1a6fafc45cf1528bd,1575961642753,1575961623
0x1c955945289002e905b0afd05f32feed310d8f4858ba6ea1a6fafc45cf1528bd,1575961642753,1575961623
0x1c955945289002e905b0afd05f32feed310d8f4858ba6ea1a6fafc45cf1528bd,1575961642753,1575961623
0x1c955945289002e905b0afd05f32feed310d8f4858ba6ea1a6fafc45cf1528bd,1575961642754,1575961623
0x1c955945289002e905b0afd05f32feed310d8f4858ba6ea1a6fafc45cf1528bd,1575961642754,1575961623
0x1c955945289002e905b0afd05f32feed310d8f4858ba6ea1a6fafc45cf1528bd,1575961642755,1575961623
0x1c955945289002e905b0afd05f32feed310d8f4858ba6ea1a6fafc45cf1528bd,1575961642755,1575961623
0x1c955945289002e905b0afd05f32feed310d8f4858ba6ea1a6fafc45cf1528bd,1575961642755,1575961623
0x1c955945289002e905b0afd05f32feed310d8f4858ba6ea1a6fafc45cf1528bd,1575961642756,1575961623
0x1c955945289002e905b0afd05f32feed310d8f4858ba6ea1a6fafc45cf1528bd,1575961642756,1575961623
0x1c955945289002e905b0afd05f32feed310d8f4858ba6ea1a6fafc45cf1528bd,1575961642756,1575961623
0x1c955945289002e905b0afd05f32feed310d8f4858ba6ea1a6fafc45cf1528bd,1575961642757,1575961623
0x1c955945289002e905b0afd05f32feed310d8f4858ba6ea1a6fafc45cf1528bd,1575961642757,1575961623
0x1c955945289002e905b0afd05f32feed310d8f4858ba6ea1a6fafc45cf1528bd,1575961642757,1575961623
0x1c955945289002e905b0afd05f32feed310d8f4858ba6ea1a6fafc45cf1528bd,1575961642758,1575961623
0x1c955945289002e905b0afd05f32feed310d8f4858ba6ea1a6fafc45cf1528bd,1575961642758,1575961623
0x1c955945289002e905b0afd05f32feed310d8f4858ba6ea1a6fafc45cf1528bd,1575961642758,1575961623
0x1c955945289002e905b0afd05f32feed310d8f4858ba6ea1a6fafc45cf1528bd,1575961642759,1575961623
0x1c955945289002e905b0afd05f32feed310d8f4858ba6ea1a6fafc45cf1528bd,1575961642759,1575961623
0x1c955945289002e905b0afd05f32feed310d8f4858ba6ea1a6fafc45cf1528bd,1575961642760,1575961623
0x1c955945289002e905b0afd05f32feed310d8f4858ba6ea1a6fafc45cf1528bd,1575961642760,1575961623
0x1c955945289002e905b0afd05f32feed310d8f4858ba6ea1a6fafc45cf1528bd,1575961642761,1575961623
0x1c955945289002e905b0afd05f32feed310d8f4858ba6ea1a6fafc45cf1528bd,1575961642761,1575961623
0x1c955945289002e905b0afd05f32feed310d8f4858ba6ea1a6fafc45cf1528bd,1575961642761,1575961623
0x1c955945289002e905b0afd05f32feed310d8f4858ba6ea1a6fafc45cf1528bd,1575961642762,1575961623
0x1c955945289002e905b0afd05f32feed310d8f4858ba6ea1a6fafc45cf1528bd,1575961642762,1575961623
0x1c955945289002e905b0afd05f32feed310d8f4858ba6ea1a6fafc45cf1528bd,1575961642762,1575961623
0x1c955945289002e905b0afd05f32feed310d8f4858ba6ea1a6fafc45cf1528bd,1575961642763,1575961623
0x1c955945289002e905b0afd05f32feed310d8f4858ba6ea1a6fafc45cf1528bd,1575961642763,1575961623
0x1c955945289002e905b0afd05f32feed310d8f4858ba6ea1a6fafc45cf1528bd,1575961642763,1575961623
0x1c955945289002e905b0afd05f32feed310d8f4858ba6ea1a6fafc45cf1528bd,1575961642764,1575961623
0x1c955945289002e905b0afd05f32feed310d8f4858ba6ea1a6fafc45cf1528bd,1575961642764,1575961623
0x1c955945289002e905b0afd05f32feed310d8f4858ba6ea1a6fafc45cf1528bd,1575961642764,1575961623
0x1c955945289002e905b0afd05f32feed310d8f4858ba6ea1a6fafc45cf1528bd,1575961642765,1575961623
0x1c955945289002e905b0afd05f32feed310d8f4858ba6ea1a6fafc45cf1528bd,1575961642765,1575961623
0x1c955945289002e905b0afd05f32feed310d8f4858ba6ea1a6fafc45cf1528bd,1575961642766,1575961623
0x1c955945289002e905b0afd05f32feed310d8f4858ba6ea1a6fafc45cf1528bd,1575961642766,1575961623
0x1c955945289002e905b0afd05f32feed310d8f4858ba6ea1a6fafc45cf1528bd,1575961642767,1575961623
0x1c955945289002e905b0afd05f32feed310d8f4858ba6ea1a6fafc45cf1528bd,1575961642767,1575961623
0x1c955945289002e905b0afd05f32feed310d8f4858ba6ea1a6fafc45cf1528bd,1575961642768,1575961623
0x1c955945289002e905b0afd05f32feed310d8f4858ba6ea1a6fafc45cf1528bd,1575961642768,1575961623
0x1c955945289002e905b0afd05f32feed310d8f4858ba6ea1a6fafc45cf1528bd,1575961642768,1575961623
0x1c955945289002e905b0afd05f32feed310d8f4858ba6ea1a6fafc45cf1528bd,1575961642769,1575961623
0x1c955945289002e905b0afd05f32feed310d8f4858ba6ea1a6fafc45cf1528bd,1575961642769,1575961623
0x1c955945289002e905b0afd05f32feed310d8f4858ba6ea1a6fafc45cf1528bd,1575961650991,1575961642
0x1c955945289002e905b0afd05f32feed310d8f4858ba6ea1a6fafc45cf1528bd,1575961650992,1575961642
0x1c955945289002e905b0afd05f32feed310d8f4858ba6ea1a6fafc45cf1528bd,1575961650992,1575961642
0x1c955945289002e905b0afd05f32feed310d8f4858ba6ea1a6fafc45cf1528bd,1575961650992,1575961642
0x1c955945289002e905b0afd05f32feed310d8f4858ba6ea1a6fafc45cf1528bd,1575961650993,1575961642
0x1c955945289002e905b0afd05f32feed310d8f4858ba6ea1a6fafc45cf1528bd,1575961650993,1575961642
0x1c955945289002e905b0afd05f32feed310d8f4858ba6ea1a6fafc45cf1528bd,1575961650994,1575961642
0x1c955945289002e905b0afd05f32feed310d8f4858ba6ea1a6fafc45cf1528bd,1575961650994,1575961642
0x1c955945289002e905b0afd05f32feed310d8f4858ba6ea1a6fafc45cf1528bd,1575961650994,1575961642
0x1c955945289002e905b0afd05f32feed310d8f4858ba6ea1a6fafc45cf1528bd,1575961650995,1575961642
0x1c955945289002e905b0afd05f32feed310d8f4858ba6ea1a6fafc45cf1528bd,1575961650995,1575961642
0x1c955945289002e905b0afd05f32feed310d8f4858ba6ea1a6fafc45cf1528bd,1575961650995,1575961642
0x1c955945289002e905b0afd05f32feed310d8f4858ba6ea1a6fafc45cf1528bd,1575961650996,1575961642
0x1c955945289002e905b0afd05f32feed310d8f4858ba6ea1a6fafc45cf1528bd,1575961650996,1575961642
0x1c955945289002e905b0afd05f32feed310d8f4858ba6ea1a6fafc45cf1528bd,1575961650996,1575961642
0x1c955945289002e905b0afd05f32feed310d8f4858ba6ea1a6fafc45cf1528bd,1575961650997,1575961642
0x1c955945289002e905b0afd05f32feed310d8f4858ba6ea1a6fafc45cf1528bd,1575961650997,1575961642
0x1c955945289002e905b0afd05f32feed310d8f4858ba6ea1a6fafc45cf1528bd,1575961650997,1575961642
0x1c955945289002e905b0afd05f32feed310d8f4858ba6ea1a6fafc45cf1528bd,1575961650997,1575961642
0x1c955945289002e905b0afd05f32feed310d8f4858ba6ea1a6fafc45cf1528bd,1575961650998,1575961642
0x1c955945289002e905b0afd05f32feed310d8f4858ba6ea1a6fafc45cf1528bd,1575961650998,1575961642
0x1c955945289002e905b0afd05f32feed310d8f4858ba6ea1a6fafc45cf1528bd,1575961650998,1575961642
0x1c955945289002e905b0afd05f32feed310d8f4858ba6ea1a6fafc45cf1528bd,1575961650999,1575961642
0x1c955945289002e905b0afd05f32feed310d8f4858ba6ea1a6fafc45cf1528bd,1575961650999,1575961642
0x1c955945289002e905b0afd05f32feed310d8f4858ba6ea1a6fafc45cf1528bd,1575961650999,1575961642
0x1c955945289002e905b0afd05f32feed310d8f4858ba6ea1a6fafc45cf1528bd,1575961650999,1575961642
0x1c955945289002e905b0afd05f32feed310d8f4858ba6ea1a6fafc45cf1528bd,1575961651000,1575961642
0x1c955945289002e905b0afd05f32feed310d8f4858ba6ea1a6fafc45cf1528bd,1575961651000,1575961642
0x1c955945289002e905b0afd05f32feed310d8f4858ba6ea1a6fafc45cf1528bd,1575961651000,1575961642
0x1c955945289002e905b0afd05f32feed310d8f4858ba6ea1a6fafc45cf1528bd,1575961651001,1575961642
0x1c955945289002e905b0afd05f32feed310d8f4858ba6ea1a6fafc45cf1528bd,1575961651001,1575961642
0x1c955945289002e905b0afd05f32feed310d8f4858ba6ea1a6fafc45cf1528bd,1575961651001,1575961642
0x1c955945289002e905b0afd05f32feed310d8f4858ba6ea1a6fafc45cf1528bd,1575961651002,1575961642
0x1c955945289002e905b0afd05f32feed310d8f4858ba6ea1a6fafc45cf1528bd,1575961651002,1575961642
0x1c955945289002e905b0afd05f32feed310d8f4858ba6ea1a6fafc45cf1528bd,1575961651002,1575961642
0x1c955945289002e905b0afd05f32feed310d8f4858ba6ea1a6fafc45cf1528bd,1575961651003,1575961642
0x1c955945289002e905b0afd05f32feed310d8f4858ba6ea1a6fafc45cf1528bd,1575961651003,1575961642
0x1c955945289002e905b0afd05f32feed310d8f4858ba6ea1a6fafc45cf1528bd,1575961651004,1575961642
0x1c955945289002e905b0afd05f32feed310d8f4858ba6ea1a6fafc45cf1528bd,1575961651004,1575961642
0x1c955945289002e905b0afd05f32feed310d8f4858ba6ea1a6fafc45cf1528bd,1575961651004,1575961642
0x1c955945289002e905b0afd05f32feed310d8f4858ba6ea1a6fafc45cf1528bd,1575961651005,1575961642
0x1c955945289002e905b0afd05f32feed310d8f4858ba6ea1a6fafc45cf1528bd,1575961651005,1575961642
0x1c955945289002e905b0afd05f32feed310d8f4858ba6ea1a6fafc45cf1528bd,1575961651005,1575961642
0x1c955945289002e905b0afd05f32feed310d8f4858ba6ea1a6fafc45cf1528bd,1575961651006,1575961642
0x1c955945289002e905b0afd05f32feed310d8f4858ba6ea1a6fafc45cf1528bd,1575961651006,1575961642
0x1c955945289002e905b0afd05f32feed310d8f4858ba6ea1a6fafc45cf1528bd,1575961651006,1575961642
0x1c955945289002e905b0afd05f32feed310d8f4858ba6ea1a6fafc45cf1528bd,1575961651006,1575961642
0x1c955945289002e905b0afd05f32feed310d8f4858ba6ea1a6fafc45cf1528bd,1575961651007,1575961642
0x1c955945289002e905b0afd05f32feed310d8f4858ba6ea1a6fafc45cf1528bd,1575961651007,1575961642
0x1c955945289002e905b0afd05f32feed310d8f4858ba6ea1a6fafc45cf1528bd,1575961651007,1575961642
0x1c955945289002e905b0afd05f32feed310d8f4858ba6ea1a6fafc45cf1528bd,1575961651007,1575961642
0x1c955945289002e905b0afd05f32feed310d8f4858ba6ea1a6fafc45cf1528bd,1575961651008,1575961642
0x1c955945289002e905b0afd05f32feed310d8f4858ba6ea1a6fafc45cf1528bd,1575961651008,1575961642
0x1c955945289002e905b0afd05f32feed310d8f4858ba6ea1a6fafc45cf1528bd,1575961651009,1575961642
0x1c955945289002e905b0afd05f32feed310d8f4858ba6ea1a6fafc45cf1528bd,1575961651009,1575961642
0x1c955945289002e905b0afd05f32feed310d8f4858ba6ea1a6fafc45cf1528bd,1575961651009,1575961642
0x1c955945289002e905b0afd05f32feed310d8f4858ba6ea1a6fafc45cf1528bd,1575961651009,1575961642
0x1c955945289002e905b0afd05f32feed310d8f4858ba6ea1a6fafc45cf1528bd,1575961651010,1575961642
0x1c955945289002e905b0afd05f32feed310d8f4858ba6ea1a6fafc45cf1528bd,1575961651010,1575961642
0x1c955945289002e905b0afd05f32feed310d8f4858ba6ea1a6fafc45cf1528bd,1575961651010,1575961642
0x1c955945289002e905b0afd05f32feed310d8f4858ba6ea1a6fafc45cf1528bd,1575961651011,1575961642
0x1c955945289002e905b0afd05f32feed310d8f4858ba6ea1a6fafc45cf1528bd,1575961651011,1575961642
0x1c955945289002e905b0afd05f32feed310d8f4858ba6ea1a6fafc45cf1528bd,1575961651011,1575961642
0x1c955945289002e905b0afd05f32feed310d8f4858ba6ea1a6fafc45cf1528bd,1575961651011,1575961642
0x1c955945289002e905b0afd05f32feed310d8f4858ba6ea1a6fafc45cf1528bd,1575961651012,1575961642
0x1c955945289002e905b0afd05f32feed310d8f4858ba6ea1a6fafc45cf1528bd,1575961651012,1575961642
0x1c955945289002e905b0afd05f32feed310d8f4858ba6ea1a6fafc45cf1528bd,1575961651012,1575961642
0x1c955945289002e905b0afd05f32feed310d8f4858ba6ea1a6fafc45cf1528bd,1575961651013,1575961642
0x1c955945289002e905b0afd05f32feed310d8f4858ba6ea1a6fafc45cf1528bd,1575961651013,1575961642
0x1c955945289002e905b0afd05f32feed310d8f4858ba6ea1a6fafc45cf1528bd,1575961651013,1575961642
0x1c955945289002e905b0afd05f32feed310d8f4858ba6ea1a6fafc45cf1528bd,1575961651014,1575961642
0x1c955945289002e905b0afd05f32feed310d8f4858ba6ea1a6fafc45cf1528bd,1575961651014,1575961642
0x1c955945289002e905b0afd05f32feed310d8f4858ba6ea1a6fafc45cf1528bd,1575961651014,1575961642
0x1c955945289002e905b0afd05f32feed310d8f4858ba6ea1a6fafc45cf1528bd,1575961651014,1575961642
0x1c955945289002e905b0afd05f32feed310d8f4858ba6ea1a6fafc45cf1528bd,1575961651015,1575961642
0x1c955945289002e905b0afd05f32feed310d8f4858ba6ea1a6fafc45cf1528bd,1575961651015,1575961642
0x1c955945289002e905b0afd05f32feed310d8f4858ba6ea1a6fafc45cf1528bd,1575961651015,1575961642
0x1c955945289002e905b0afd05f32feed310d8f4858ba6ea1a6fafc45cf1528bd,1575961651016,1575961642
0x1c955945289002e905b0afd05f32feed310d8f4858ba6ea1a6fafc45cf1528bd,1575961651016,1575961642
0x1c955945289002e905b0afd05f32feed310d8f4858ba6ea1a6fafc45cf1528bd,1575961651016,1575961642
0x1c955945289002e905b0afd05f32feed310d8f4858ba6ea1a6fafc45cf1528bd,1575961651016,1575961642
0x1c955945289002e905b0afd05f32feed310d8f4858ba6ea1a6fafc45cf1528bd,1575961651017,1575961642
0x1c955945289002e905b0afd05f32feed310d8f4858ba6ea1a6fafc45cf1528bd,1575961651017,1575961642
0x1c955945289002e905b0afd05f32feed310d8f4858ba6ea1a6fafc45cf1528bd,1575961651017,1575961642
0x1c955945289002e905b0afd05f32feed310d8f4858ba6ea1a6fafc45cf1528bd,1575961651018,1575961642
0x1c955945289002e905b0afd05f32feed310d8f4858ba6ea1a6fafc45cf1528bd,1575961651018,1575961642
0x1c955945289002e905b0afd05f32feed310d8f4858ba6ea1a6fafc45cf1528bd,1575961651018,1575961642
0x1c955945289002e905b0afd05f32feed310d8f4858ba6ea1a6fafc45cf1528bd,1575961651018,1575961642
0x1c955945289002e905b0afd05f32feed310d8f4858ba6ea1a6fafc45cf1528bd,1575961651019,1575961642
0x1c955945289002e905b0afd05f32feed310d8f4858ba6ea1a6fafc45cf1528bd,1575961651019,1575961642
0x1c955945289002e905b0afd05f32feed310d8f4858ba6ea1a6fafc45cf1528bd,1575961651019,1575961642
0x1c955945289002e905b0afd05f32feed310d8f4858ba6ea1a6fafc45cf1528bd,1575961651020,1575961642
0x1c955945289002e905b0afd05f32feed310d8f4858ba6ea1a6fafc45cf1528bd,1575961651020,1575961642
0x1c955945289002e905b0afd05f32feed310d8f4858ba6ea1a6fafc45cf1528bd,1575961651020,1575961642
0x1c955945289002e905b0afd05f32feed310d8f4858ba6ea1a6fafc45cf1528bd,1575961651021,1575961642
0x1c955945289002e905b0afd05f32feed310d8f4858ba6ea1a6fafc45cf1528bd,1575961651021,1575961642
0x1c955945289002e905b0afd05f32feed310d8f4858ba6ea1a6fafc45cf1528bd,1575961651021,1575961642
0x1c955945289002e905b0afd05f32feed310d8f4858ba6ea1a6fafc45cf1528bd,1575961651022,1575961642
0x1c955945289002e905b0afd05f32feed310d8f4858ba6ea1a6fafc45cf1528bd,1575961651022,1575961642
0x1c955945289002e905b0afd05f32feed310d8f4858ba6ea1a6fafc45cf1528bd,1575961651023,1575961642
0x1c955945289002e905b0afd05f32feed310d8f4858ba6ea1a6fafc45cf1528bd,1575961651023,1575961642
0x1c955945289002e905b0afd05f32feed310d8f4858ba6ea1a6fafc45cf1528bd,1575961651023,1575961642
0x1c955945289002e905b0afd05f32feed310d8f4858ba6ea1a6fafc45cf1528bd,1575961651024,1575961642
0x1c955945289002e905b0afd05f32feed310d8f4858ba6ea1a6fafc45cf1528bd,1575961651024,1575961642
0x1c955945289002e905b0afd05f32feed310d8f4858ba6ea1a6fafc45cf1528bd,1575961651024,1575961642
0x1c955945289002e905b0afd05f32feed310d8f4858ba6ea1a6fafc45cf1528bd,1575961651025,1575961642
0x1c955945289002e905b0afd05f32feed310d8f4858ba6ea1a6fafc45cf1528bd,1575961651025,1575961642
0x1c955945289002e905b0afd05f32feed310d8f4858ba6ea1a6fafc45cf1528bd,1575961651025,1575961642
0x1c955945289002e905b0afd05f32feed310d8f4858ba6ea1a6fafc45cf1528bd,1575961651026,1575961642
0x1c955945289002e905b0afd05f32feed310d8f4858ba6ea1a6fafc45cf1528bd,1575961651026,1575961642
0x1c955945289002e905b0afd05f32feed310d8f4858ba6ea1a6fafc45cf1528bd,1575961651027,1575961642
0x1c955945289002e905b0afd05f32feed310d8f4858ba6ea1a6fafc45cf1528bd,1575961651027,1575961642
0x1c955945289002e905b0afd05f32feed310d8f4858ba6ea1a6fafc45cf1528bd,1575961651028,1575961642
0x1c955945289002e905b0afd05f32feed310d8f4858ba6ea1a6fafc45cf1528bd,1575961651028,1575961642
0x1c955945289002e905b0afd05f32feed310d8f4858ba6ea1a6fafc45cf1528bd,1575961651029,1575961642
0x1c955945289002e905b0afd05f32feed310d8f4858ba6ea1a6fafc45cf1528bd,1575961651029,1575961642
0x1c955945289002e905b0afd05f32feed310d8f4858ba6ea1a6fafc45cf1528bd,1575961651029,1575961642
0x1c955945289002e905b0afd05f32feed310d8f4858ba6ea1a6fafc45cf1528bd,1575961651030,1575961642
0x1c955945289002e905b0afd05f32feed310d8f4858ba6ea1a6fafc45cf1528bd,1575961651030,1575961642
0x1c955945289002e905b0afd05f32feed310d8f4858ba6ea1a6fafc45cf1528bd,1575961651030,1575961642
0x1c955945289002e905b0afd05f32feed310d8f4858ba6ea1a6fafc45cf1528bd,1575961651031,1575961642
0x1c955945289002e905b0afd05f32feed310d8f4858ba6ea1a6fafc45cf1528bd,1575961651031,1575961642
0x1c955945289002e905b0afd05f32feed310d8f4858ba6ea1a6fafc45cf1528bd,1575961651031,1575961642
0x1c955945289002e905b0afd05f32feed310d8f4858ba6ea1a6fafc45cf1528bd,1575961651032,1575961642
0x1c955945289002e905b0afd05f32feed310d8f4858ba6ea1a6fafc45cf1528bd,1575961651032,1575961642
0x1c955945289002e905b0afd05f32feed310d8f4858ba6ea1a6fafc45cf1528bd,1575961651032,1575961642
0x1c955945289002e905b0afd05f32feed310d8f4858ba6ea1a6fafc45cf1528bd,1575961651032,1575961642
0x1c955945289002e905b0afd05f32feed310d8f4858ba6ea1a6fafc45cf1528bd,1575961651033,1575961642
0x1c955945289002e905b0afd05f32feed310d8f4858ba6ea1a6fafc45cf1528bd,1575961651033,1575961642
0x1c955945289002e905b0afd05f32feed310d8f4858ba6ea1a6fafc45cf1528bd,1575961651034,1575961642
0x1c955945289002e905b0afd05f32feed310d8f4858ba6ea1a6fafc45cf1528bd,1575961651034,1575961642
0x1c955945289002e905b0afd05f32feed310d8f4858ba6ea1a6fafc45cf1528bd,1575961651034,1575961642
0x1c955945289002e905b0afd05f32feed310d8f4858ba6ea1a6fafc45cf1528bd,1575961651035,1575961642
0x1c955945289002e905b0afd05f32feed310d8f4858ba6ea1a6fafc45cf1528bd,1575961651035,1575961642
0x1c955945289002e905b0afd05f32feed310d8f4858ba6ea1a6fafc45cf1528bd,1575961651035,1575961642
0x1c955945289002e905b0afd05f32feed310d8f4858ba6ea1a6fafc45cf1528bd,1575961651035,1575961642
0x1c955945289002e905b0afd05f32feed310d8f4858ba6ea1a6fafc45cf1528bd,1575961651036,1575961642
0x1c955945289002e905b0afd05f32feed310d8f4858ba6ea1a6fafc45cf1528bd,1575961651036,1575961642
0x1c955945289002e905b0afd05f32feed310d8f4858ba6ea1a6fafc45cf1528bd,1575961651036,1575961642
0x1c955945289002e905b0afd05f32feed310d8f4858ba6ea1a6fafc45cf1528bd,1575961651036,1575961642
0x1c955945289002e905b0afd05f32feed310d8f4858ba6ea1a6fafc45cf1528bd,1575961651037,1575961642
0x1c955945289002e905b0afd05f32feed310d8f4858ba6ea1a6fafc45cf1528bd,1575961651037,1575961642
0x1c955945289002e905b0afd05f32feed310d8f4858ba6ea1a6fafc45cf1528bd,1575961651037,1575961642
0x1c955945289002e905b0afd05f32feed310d8f4858ba6ea1a6fafc45cf1528bd,1575961651037,1575961642
0x1c955945289002e905b0afd05f32feed310d8f4858ba6ea1a6fafc45cf1528bd,1575961651038,1575961642
0x1c955945289002e905b0afd05f32feed310d8f4858ba6ea1a6fafc45cf1528bd,1575961651038,1575961642
0x1c955945289002e905b0afd05f32feed310d8f4858ba6ea1a6fafc45cf1528bd,1575961651038,1575961642
0x1c955945289002e905b0afd05f32feed310d8f4858ba6ea1a6fafc45cf1528bd,1575961651039,1575961642
0x1c955945289002e905b0afd05f32feed310d8f4858ba6ea1a6fafc45cf1528bd,1575961651039,1575961642
0x1c955945289002e905b0afd05f32feed310d8f4858ba6ea1a6fafc45cf1528bd,1575961651039,1575961642
0x1c955945289002e905b0afd05f32feed310d8f4858ba6ea1a6fafc45cf1528bd,1575961651039,1575961642
0x1c955945289002e905b0afd05f32feed310d8f4858ba6ea1a6fafc45cf1528bd,1575961651039,1575961642
0x1c955945289002e905b0afd05f32feed310d8f4858ba6ea1a6fafc45cf1528bd,1575961651040,1575961642
0x1c955945289002e905b0afd05f32feed310d8f4858ba6ea1a6fafc45cf1528bd,1575961651040,1575961642
0x1c955945289002e905b0afd05f32feed310d8f4858ba6ea1a6fafc45cf1528bd,1575961651040,1575961642
0x1c955945289002e905b0afd05f32feed310d8f4858ba6ea1a6fafc45cf1528bd,1575961651040,1575961642
0x1c955945289002e905b0afd05f32feed310d8f4858ba6ea1a6fafc45cf1528bd,1575961651041,1575961642
0x1c955945289002e905b0afd05f32feed310d8f4858ba6ea1a6fafc45cf1528bd,1575961651041,1575961642
0x1c955945289002e905b0afd05f32feed310d8f4858ba6ea1a6fafc45cf1528bd,1575961651041,1575961642
0x1c955945289002e905b0afd05f32feed310d8f4858ba6ea1a6fafc45cf1528bd,1575961651042,1575961642
0x1c955945289002e905b0afd05f32feed310d8f4858ba6ea1a6fafc45cf1528bd,1575961651042,1575961642
0x1c955945289002e905b0afd05f32feed310d8f4858ba6ea1a6fafc45cf1528bd,1575961651042,1575961642
0x1c955945289002e905b0afd05f32feed310d8f4858ba6ea1a6fafc45cf1528bd,1575961651042,1575961642
0x1c955945289002e905b0afd05f32feed310d8f4858ba6ea1a6fafc45cf1528bd,1575961651042,1575961642
0x1c955945289002e905b0afd05f32feed310d8f4858ba6ea1a6fafc45cf1528bd,1575961651043,1575961642
0x1c955945289002e905b0afd05f32feed310d8f4858ba6ea1a6fafc45cf1528bd,1575961651043,1575961642
0x1c955945289002e905b0afd05f32feed310d8f4858ba6ea1a6fafc45cf1528bd,1575961651043,1575961642
0x1c955945289002e905b0afd05f32feed310d8f4858ba6ea1a6fafc45cf1528bd,1575961651044,1575961642
0x1c955945289002e905b0afd05f32feed310d8f4858ba6ea1a6fafc45cf1528bd,1575961651044,1575961642
0x1c955945289002e905b0afd05f32feed310d8f4858ba6ea1a6fafc45cf1528bd,1575961651044,1575961642
0x1c955945289002e905b0afd05f32feed310d8f4858ba6ea1a6fafc45cf1528bd,1575961651044,1575961642
0x1c955945289002e905b0afd05f32feed310d8f4858ba6ea1a6fafc45cf1528bd,1575961651045,1575961642
0x1c955945289002e905b0afd05f32feed310d8f4858ba6ea1a6fafc45cf1528bd,1575961651045,1575961642
0x1c955945289002e905b0afd05f32feed310d8f4858ba6ea1a6fafc45cf1528bd,1575961651045,1575961642
0x1c955945289002e905b0afd05f32feed310d8f4858ba6ea1a6fafc45cf1528bd,1575961651046,1575961642
0x1c955945289002e905b0afd05f32feed310d8f4858ba6ea1a6fafc45cf1528bd,1575961651046,1575961642
0x1c955945289002e905b0afd05f32feed310d8f4858ba6ea1a6fafc45cf1528bd,1575961653238,1575961650
0x1c955945289002e905b0afd05f32feed310d8f4858ba6ea1a6fafc45cf1528bd,1575961653238,1575961650
0x1c955945289002e905b0afd05f32feed310d8f4858ba6ea1a6fafc45cf1528bd,1575961653239,1575961650
