20191025200001,1575875697151
