20191025200001,1575875703808
20191025200001,1575875703808
